kilo-Electron Volt [keV],Counts
0.099,171
0.109,66
0.119,0
0.129,20.796
0.139,174.84
0.149,317.9
0.159,191.97
0.169,122.07
0.179,111.18
0.189,115.3
0.199,121.45
0.209,151.6
0.219,202.78
0.229,272.96
0.239,336.17
0.249,401.38
0.259,481.61
0.269,537.85
0.279,550.11
0.289,489.38
0.299,399.66
0.309,316.95
0.319,255.25
0.329,192.57
0.339,147.9
0.349,122.23
0.359,99.579
0.369,82.937
0.379,80.305
0.389,87.62
0.399,107.85
0.409,98.099
0.419,104.3
0.429,109.47
0.439,144.56
0.449,161.66
0.459,175.77
0.469,204.9
0.479,246.04
0.489,304.19
0.499,302.35
0.509,394.52
0.519,379.71
0.529,371.91
0.539,369.12
0.549,330.34
0.559,274.57
0.569,247.81
0.579,243.06
0.589,193.32
0.599,231.59
0.609,209.87
0.619,233.16
0.629,218.46
0.639,210.77
0.649,240.09
0.659,257.42
0.669,265.75
0.679,289.09
0.689,322.45
0.699,377.81
0.709,372.17
0.719,344.55
0.729,351.93
0.739,370.32
0.749,325.72
0.759,348.13
0.769,321.54
0.779,380.96
0.789,398.38
0.799,425.82
0.809,438.26
0.819,415.7
0.829,450.16
0.839,472.61
0.849,488.08
0.859,450.55
0.869,479.03
0.879,478.51
0.889,545
0.899,515.49
0.909,564.99
0.919,508.5
0.929,574.01
0.939,580.53
0.949,602.05
0.959,577.58
0.969,617.11
0.979,610.64
0.989,635.19
0.999,602.73
1.009,694.28
1.019,634.84
1.029,673.4
1.039,681.96
1.049,683.53
1.059,706.11
1.069,698.69
1.079,723.27
1.089,756.85
1.099,812.12
1.109,830.39
1.119,761.65
1.129,767.92
1.139,867.19
1.149,881.45
1.159,867.72
1.169,917.98
1.179,909.25
1.189,986.52
1.199,979.78
1.209,959.05
1.219,1056.3
1.229,1071.6
1.239,1127.8
1.249,1223.1
1.259,1196.4
1.269,1323.6
1.279,1349.9
1.289,1310.2
1.299,1484.4
1.309,1515.7
1.319,1664
1.329,1708.2
1.339,1935.5
1.349,2270.8
1.359,2811
1.369,3902.3
1.379,5912.6
1.389,9301.8
1.399,14946
1.409,23489
1.419,35860
1.429,51047
1.439,70126
1.449,90061
1.459,1.1027E5
1.469,1.2604E5
1.479,1.3647E5
1.489,1.3906E5
1.499,1.3321E5
1.509,1.2076E5
1.519,1.0327E5
1.529,82464
1.539,62409
1.549,45309
1.559,30957
1.569,20598
1.579,12967
1.589,7813.2
1.599,4677.4
1.609,2707.7
1.619,1691
1.629,932.24
1.639,495.5
1.649,297.77
1.659,246.04
1.669,169.3
1.679,160.57
1.689,176.83
1.699,213.1
1.709,247.37
1.719,294.63
1.729,323.9
1.739,359.17
1.749,307.43
1.759,315.7
1.769,273.96
1.779,220.23
1.789,202.5
1.799,157.76
1.809,151.03
1.819,109.3
1.829,67.563
1.839,68.829
1.849,59.095
1.859,35.362
1.869,37.628
1.879,62.894
1.889,37.161
1.899,41.427
1.909,37.693
1.919,20.96
1.929,31.171
1.939,45.372
1.949,34.573
1.959,44.774
1.969,37.975
1.979,45.176
1.989,54.377
1.999,27.578
2.009,29.764
2.019,45.864
2.029,57.965
2.039,66.065
2.049,76.166
2.059,48.266
2.069,48.367
2.079,42.467
2.089,63.568
2.099,65.668
2.109,38.769
2.119,51.975
2.129,55.578
2.139,40.181
2.149,42.784
2.159,63.387
2.169,64.99
2.179,36.593
2.189,34.196
2.199,71.744
2.209,65.291
2.219,43.839
2.229,55.362
2.239,55.884
2.249,55.407
2.259,64.93
2.269,70.452
2.279,74.975
2.289,62.497
2.299,45.02
2.309,47.543
2.319,50.065
2.329,43.588
2.339,50.095
2.349,63.603
2.359,60.111
2.369,62.618
2.379,53.166
2.389,47.774
2.399,79.382
2.409,71.025
2.419,62.698
2.429,69.437
2.439,42.176
2.449,41.915
2.459,53.653
2.469,61.392
2.479,67.131
2.489,74.869
2.499,81.608
2.509,77.347
2.519,73.085
2.529,65.824
2.539,78.563
2.549,77.302
2.559,69.06
2.569,91.819
2.579,79.578
2.589,55.337
2.599,78.126
2.609,84.925
2.619,79.724
2.629,80.523
2.639,68.322
2.649,69.121
2.659,75.92
2.669,79.719
2.679,62.518
2.689,67.317
2.699,97.116
2.709,91.915
2.719,84.714
2.729,97.513
2.739,81.312
2.749,86.111
2.759,94.91
2.769,96.709
2.779,88.508
2.789,93.307
2.799,98.106
2.809,85.905
2.819,93.704
2.829,100.5
2.839,103.3
2.849,114.1
2.859,135.9
2.869,158.7
2.879,172.5
2.889,209.3
2.899,293.1
2.909,355.89
2.919,425.7
2.929,532.51
2.939,610.32
2.949,649.13
2.959,680.94
2.969,718.75
2.979,703.56
2.989,678.37
2.999,630.18
3.010,548.98
3.020,501.83
3.030,406.68
3.040,300.53
3.050,236.38
3.060,193.23
3.070,158.08
3.080,137.93
3.090,130.78
3.100,122.63
3.110,118.48
3.120,101.33
3.130,108.18
3.140,124.03
3.150,97.874
3.160,90.734
3.170,93.628
3.180,106.52
3.190,107.42
3.200,100.31
3.210,90.206
3.220,98.101
3.230,87.995
3.240,77.889
3.250,66.784
3.260,67.678
3.270,74.573
3.280,82.467
3.290,95.362
3.300,92.256
3.310,71.151
3.320,65.045
3.330,80.94
3.340,85.834
3.350,93.729
3.360,81.623
3.370,89.518
3.380,93.412
3.390,65.307
3.400,63.201
3.410,64.095
3.420,65.99
3.430,78.884
3.440,84.779
3.450,86.673
3.460,76.568
3.470,53.462
3.480,44.357
3.490,64.251
3.500,83.146
3.510,73.04
3.520,62.935
3.530,65.829
3.540,64.724
3.550,70.618
3.560,69.513
3.570,60.442
3.580,62.372
3.590,71.367
3.600,61.362
3.610,52.357
3.620,77.352
3.630,85.347
3.640,67.342
3.650,78.337
3.660,89.332
3.670,60.327
3.680,53.322
3.690,65.317
3.700,56.312
3.710,50.307
3.720,65.302
3.730,75.296
3.740,67.291
3.750,75.286
3.760,60.281
3.770,47.276
3.780,46.271
3.790,62.266
3.800,73.261
3.810,63.256
3.820,51.251
3.830,34.246
3.840,45.241
3.850,68.236
3.860,63.231
3.870,49.226
3.880,42.221
3.890,47.216
3.900,46.211
3.910,59.206
3.920,52.256
3.930,63.387
3.940,72.518
3.950,80.648
3.960,67.779
3.970,76.91
3.980,78.05
3.990,72.191
4.000,74.347
4.010,85.588
4.020,69.829
4.030,75.07
4.040,69.312
4.050,62.553
4.060,59.794
4.070,52.035
4.080,49.276
4.090,51.518
4.100,58.759
4.110,65
4.120,75.241
4.130,56.482
4.140,55.724
4.150,62.965
4.160,75.206
4.170,54.447
4.180,52.688
4.190,59.995
4.200,49.302
4.210,45.608
4.220,45.94
4.230,34.271
4.240,49.603
4.250,58.935
4.260,53.266
4.270,63.598
4.280,60.93
4.290,63.261
4.300,42.593
4.310,53.925
4.320,77.256
4.330,71.603
4.340,63.95
4.350,57.296
4.360,45.643
4.370,34.99
4.380,66.337
4.390,58.683
4.400,54.03
4.410,62.377
4.420,42.724
4.430,59.07
4.440,64.417
4.450,80.764
4.460,42.111
4.470,51.457
4.480,74.804
4.490,69.151
4.500,47.497
4.510,49.844
4.520,63.191
4.530,60.538
4.540,36.884
4.550,46.211
4.560,47.538
4.570,37.864
4.580,32.191
4.590,30.487
4.600,46.774
4.610,57.09
4.620,72.417
4.630,62.744
4.640,58.07
4.650,54.397
4.660,58.724
4.670,46.05
4.680,41.407
4.690,48.764
4.700,52.121
4.710,67.477
4.720,65.834
4.730,48.191
4.740,54.548
4.750,60.905
4.760,54.291
4.770,71.678
4.780,45.065
4.790,46.452
4.800,54.839
4.810,40.226
4.820,54.613
4.830,61
4.840,58.387
4.850,59.774
4.860,62.161
4.870,54.548
4.880,40.935
4.890,43.322
4.900,39.709
4.910,49.085
4.920,47.462
4.930,61.839
4.940,53.216
4.950,49.593
4.960,53.97
4.970,60.347
4.980,42.724
4.990,68.101
5.000,35.477
5.010,39.814
5.020,67.151
5.030,48.487
5.040,44.824
5.050,57.161
5.060,44.497
5.070,65.834
5.080,62.171
5.090,48.508
5.100,48.844
5.110,47.181
5.120,57.518
5.130,62.854
5.140,38.191
5.150,31.518
5.160,67.809
5.170,65.101
5.180,62.392
5.190,63.683
5.200,60.975
5.210,53.266
5.220,56.558
5.230,60.854
5.240,38.151
5.250,42.447
5.260,44.744
5.270,53.04
5.280,53.337
5.290,53.658
5.300,36.98
5.310,46.322
5.320,51.663
5.330,78.005
5.340,59.347
5.350,68.688
5.360,63.03
5.370,57.372
5.380,70.714
5.390,86.055
5.400,70.397
5.410,64.739
5.420,74.08
5.430,80.422
5.440,82.764
5.450,71.106
5.460,75.447
5.470,83.789
5.480,67.131
5.490,58.472
5.500,59.814
5.510,53.156
5.520,75.497
5.530,54.839
5.540,58.181
5.550,37.523
5.560,67.829
5.570,25.136
5.580,34.377
5.590,50.618
5.600,54.859
5.610,28.106
5.620,47.352
5.630,48.598
5.640,41.844
5.650,39.09
5.660,61.337
5.670,43.583
5.680,43.829
5.690,38.075
5.700,45.322
5.710,48.568
5.720,46.824
5.730,39.08
5.740,71.337
5.750,63.628
5.760,66.92
5.770,60.211
5.780,40.503
5.790,40.794
5.800,46.085
5.810,43.377
5.820,49.668
5.830,43.96
5.840,46.251
5.850,48.543
5.860,71.834
5.870,54.126
5.880,88.417
5.890,63.709
5.900,41
5.910,20.291
5.920,56.513
5.930,38.734
5.940,57.955
5.950,32.176
5.960,19.397
5.970,64.608
5.980,54.834
5.990,68.06
6.000,44.286
6.010,36.513
6.020,55.739
6.030,45.965
6.040,62.191
6.050,31.417
6.060,38.658
6.070,35.899
6.080,64.141
6.090,47.382
6.100,44.623
6.110,44.864
6.120,73.106
6.130,54.347
6.140,57.588
6.150,32.829
6.160,34.07
6.170,22.312
6.180,50.543
6.190,43.774
6.200,61.005
6.210,66.236
6.220,54.492
6.230,23.749
6.240,40.005
6.250,57.261
6.260,37.518
6.270,55.774
6.280,67.03
6.290,54.286
6.300,80.543
6.310,85.799
6.320,114.06
6.330,94.312
6.340,93.583
6.350,97.854
6.360,118.13
6.370,121.4
6.380,116.67
6.390,160.94
6.400,123.21
6.410,183.48
6.420,141.75
6.430,129.03
6.440,136.3
6.450,119.57
6.460,97.839
6.470,72.111
6.480,79.382
6.490,39.653
6.500,66.925
6.510,79.196
6.520,64.467
6.530,63.739
6.540,61.01
6.550,41.281
6.560,44.553
6.570,55.824
6.580,57.121
6.590,27.417
6.600,25.683
6.610,26.94
6.620,36.196
6.630,32.452
6.640,39.709
6.650,52.965
6.660,21.221
6.670,24.452
6.680,35.683
6.690,27.915
6.700,36.146
6.710,28.377
6.720,31.608
6.730,49.839
6.740,17.07
6.750,56.271
6.760,31.472
6.770,43.673
6.780,25.874
6.790,49.075
6.800,47.276
6.810,26.477
6.820,19.678
6.830,28.879
6.840,49.08
6.850,52.281
6.860,25.482
6.870,47.683
6.880,26.884
6.890,47.085
6.900,32.286
6.910,39.487
6.920,43.688
6.930,42.889
6.940,52.09
6.950,45.291
6.960,32.492
6.970,45.693
6.980,51.894
6.990,37.095
7.000,46.296
7.010,48.497
7.020,48.698
7.030,35.905
7.040,36.111
7.050,47.317
7.060,41.523
7.070,40.729
7.080,51.935
7.090,49.141
7.100,47.347
7.110,35.553
7.120,58.759
7.130,29.97
7.140,32.181
7.150,45.392
7.160,25.603
7.170,31.814
7.180,41.085
7.190,36.357
7.200,50.628
7.210,25.899
7.220,40.166
7.230,35.432
7.240,27.698
7.250,53.965
7.260,36.231
7.270,22.497
7.280,40.769
7.290,19.04
7.300,30.291
7.310,27.543
7.320,35.794
7.330,49.045
7.340,30.296
7.350,47.548
7.360,49.799
7.370,21.05
7.380,28.302
7.390,52.553
7.400,44.804
7.410,33.055
7.420,56.307
7.430,32.558
7.440,37.809
7.450,72.06
7.460,37.312
7.470,42.563
7.480,32.814
7.490,50.065
7.500,55.317
7.510,65.568
7.520,36.819
7.530,37.07
7.540,43.322
7.550,43.573
7.560,39.824
7.570,40.075
7.580,40.327
7.590,25.578
7.600,42.824
7.610,37.07
7.620,28.317
7.630,44.563
7.640,50.809
7.650,32.055
7.660,48.302
7.670,51.548
7.680,28.794
7.690,35.04
7.700,26.286
7.710,39.523
7.720,33.759
7.730,19.995
7.740,26.196
7.750,39.397
7.760,38.598
7.770,24.799
7.780,39
7.790,35.201
7.800,43.402
7.810,23.603
7.820,48.804
7.830,37.005
7.840,39.206
7.850,40.407
7.860,26.608
7.870,37.809
7.880,43.01
7.890,43.211
7.900,48.417
7.910,28.623
7.920,49.849
7.930,33.075
7.940,25.302
7.950,53.528
7.960,21.754
7.970,67.965
7.980,41.176
7.990,60.387
8.000,36.598
8.011,44.809
8.021,56.02
8.031,26.231
8.041,20.442
8.051,39.638
8.061,48.834
8.071,53.03
8.081,33.226
8.091,26.422
8.101,33.623
8.111,39.824
8.121,36.025
8.131,48.226
8.141,33.427
8.151,26.628
8.161,27.829
8.171,39.03
8.181,35.231
8.191,24.432
8.201,18.633
8.211,38.809
8.221,32.985
8.231,22.161
8.241,20.337
8.251,40.513
8.261,40.688
8.271,34.864
8.281,45.04
8.291,36.216
8.301,28.392
8.311,47.568
8.321,17.744
8.331,39.905
8.341,32.065
8.351,28.226
8.361,36.387
8.371,25.548
8.381,25.709
8.391,37.869
8.401,45.03
8.411,27.191
8.421,28.352
8.431,33.513
8.441,44.673
8.451,57.834
8.461,43.995
8.471,30.156
8.481,32.317
8.491,22.477
8.501,32.638
8.511,26.799
8.521,26.99
8.531,31.181
8.541,43.372
8.551,44.563
8.561,16.754
8.571,30.92
8.581,48.085
8.591,43.251
8.601,32.417
8.611,32.583
8.621,47.749
8.631,31.915
8.641,42.08
8.651,17.246
8.661,39.407
8.671,24.568
8.681,28.729
8.691,32.889
8.701,39.05
8.711,36.211
8.721,29.372
8.731,37.533
8.741,32.693
8.751,49.854
8.761,27.015
8.771,24.176
8.781,32.337
8.791,28.497
8.801,35.658
8.811,30.819
8.821,24.98
8.831,40.141
8.841,30.302
8.851,47.462
8.861,30.623
8.871,53.784
8.881,35.945
8.891,30.106
8.901,28.266
8.911,42.427
8.921,33.588
8.931,33.749
8.941,26.91
8.951,40.07
8.961,26.231
8.971,22.392
8.981,27.553
8.991,33.714
9.001,39.874
9.011,22.035
9.021,38.191
9.031,32.347
9.041,29.503
9.051,32.658
9.061,27.814
9.071,31.97
9.081,35.126
9.091,29.281
9.101,36.437
9.111,22.593
9.121,35.744
9.131,34.894
9.141,24.045
9.151,35.196
9.161,11.347
9.171,36.442
9.181,33.538
9.191,36.633
9.201,46.729
9.211,41.824
9.221,43.92
9.231,21.015
9.241,51.111
9.251,18.256
9.261,6.402
9.271,19.518
9.281,34.633
9.291,25.749
9.301,36.864
9.311,38.98
9.321,20.095
9.331,51.211
9.341,29.327
9.351,21.442
9.361,21.558
9.371,41.673
9.381,32.789
9.391,35.905
9.401,36.02
9.411,30.136
9.421,30.251
9.431,18.367
9.441,35.482
9.451,37.598
9.461,37.714
9.471,36.829
9.481,15.945
9.491,32.06
9.501,30.176
9.511,18.291
9.521,41.407
9.531,17.523
9.541,11.638
9.551,19.754
9.561,40.869
9.571,16.985
9.581,34.101
9.591,25.216
9.601,44.332
9.611,21.447
9.621,18.563
9.631,23.678
9.641,47.794
9.651,15.91
9.661,41.025
9.671,50.141
9.681,34.256
9.691,39.372
9.701,26.487
9.711,18.603
9.721,14.719
9.731,26.834
9.741,32.95
9.751,21.065
9.761,14.181
9.771,24.296
9.781,26.412
9.791,49.558
9.801,24.704
9.811,23.849
9.821,33.995
9.831,22.141
9.841,16.286
9.851,37.432
9.861,31.578
9.871,25.724
9.881,12.869
9.891,33.01
9.901,9.1508
9.911,27.276
9.921,49.402
9.931,23.528
9.941,17.653
9.951,36.779
9.961,26.905
9.971,25.03
9.981,23.156
9.991,24.281
10.001,34.407
10.011,27.533
10.021,24.658
10.031,27.784
10.041,38.91
10.051,20.035
10.061,45.161
10.071,15.286
10.081,10.412
10.091,27.533
10.101,15.653
10.111,11.774
10.121,28.894
10.131,23.015
10.141,25.136
10.151,39.256
10.161,18.377
10.171,22.497
10.181,39.618
10.191,23.739
10.201,21.859
10.211,26.98
10.221,31.101
10.231,24.221
10.241,21.342
10.251,44.462
10.261,18.583
10.271,20.704
10.281,18.824
10.291,38.945
10.301,33.065
10.311,14.186
10.321,17.307
10.331,22.427
10.341,14.548
10.351,23.668
10.361,28.789
10.371,18.91
10.381,29.03
10.391,24.151
10.401,30.271
10.411,32.392
10.421,20.513
10.431,21.633
10.441,18.754
10.451,34.889
10.461,38.025
10.471,34.161
10.481,26.296
10.491,25.432
10.501,9.5678
10.511,46.673
10.521,22.779
10.531,20.884
10.541,28.99
10.551,31.095
10.561,33.201
10.571,18.307
10.581,23.412
10.591,30.518
10.601,22.623
10.611,27.729
10.621,27.834
10.631,40.95
10.641,32.065
10.651,35.181
10.661,32.296
10.671,25.412
10.681,14.528
10.691,22.643
10.701,15.759
10.711,30.874
10.721,31.99
10.731,55.106
10.741,22.221
10.751,31.337
10.761,16.452
10.771,24.568
10.781,25.683
10.791,21.799
10.801,27.915
10.811,28.03
10.821,32.146
10.831,32.261
10.841,19.377
10.851,24.492
10.861,40.608
10.871,23.724
10.881,20.839
10.891,24.955
10.901,36.07
10.911,30.186
10.921,21.302
10.931,19.417
10.941,21.533
10.951,29.648
10.961,22.769
10.971,21.889
10.981,33.01
10.991,37.131
11.001,17.251
11.011,20.372
11.021,37.492
11.031,32.613
11.041,19.734
11.051,33.854
11.061,33.975
11.071,21.095
11.081,44.216
11.091,38.347
11.101,31.477
11.111,23.608
11.121,27.739
11.131,28.869
11.141,25
11.151,16.131
11.161,19.256
11.171,26.382
11.181,20.508
11.191,27.633
11.201,32.759
11.211,25.884
11.221,34.01
11.231,7.1357
11.241,25.211
11.251,27.286
11.261,9.3618
11.271,31.437
11.281,11.513
11.291,19.588
11.301,20.663
11.311,23.739
11.321,30.814
11.331,11.899
11.341,26.985
11.351,26.07
11.361,24.156
11.371,21.241
11.381,24.327
11.391,23.412
11.401,33.497
11.411,25.583
11.421,21.668
11.431,15.754
11.441,18.839
11.451,29.925
11.461,25.01
11.471,14.095
11.481,29.181
11.491,10.266
11.501,22.352
11.511,20.437
11.521,14.523
11.531,18.608
11.541,19.693
11.551,16.779
11.561,29.864
11.571,18.95
11.581,22.035
11.591,21.121
11.601,23.216
11.611,21.312
11.621,17.407
11.631,33.503
11.641,29.598
11.651,14.693
11.661,15.789
11.671,32.884
11.681,21.98
11.691,15.075
11.701,19.171
11.711,14.266
11.721,18.362
11.731,31.457
11.741,11.553
11.751,18.648
11.761,31.744
11.771,5.8392
11.781,23.905
11.791,19.97
11.801,29.035
11.811,26.101
11.821,13.166
11.831,20.231
11.841,18.296
11.851,22.362
11.861,36.427
11.871,20.492
11.881,36.558
11.891,5.6231
11.901,27.683
11.911,23.744
11.921,17.804
11.931,22.864
11.941,24.925
11.951,5.9849
11.961,28.045
11.971,13.106
11.981,18.166
11.991,16.226
12.001,21.286
12.011,14.347
12.021,32.407
12.031,20.467
12.041,18.528
12.051,27.588
12.061,16.648
12.071,21.709
12.081,24.769
12.091,21.829
12.101,21.889
12.111,21.95
12.121,23.01
12.131,26.07
12.141,27.131
12.151,8.191
12.161,14.251
12.171,16.312
12.181,13.372
12.191,15.432
12.201,9.4925
12.211,21.553
12.221,31.613
12.231,17.673
12.241,20.734
12.251,26.794
12.261,22.854
12.271,21.915
12.281,15.975
12.291,9.0352
12.301,24.095
12.311,32.156
12.321,18.216
12.331,28.276
12.341,27.337
12.351,19.397
12.361,28.457
12.371,21.518
12.381,9.5779
12.391,18.638
12.401,27.704
12.411,16.769
12.421,29.834
12.431,5.8995
12.441,16.95
12.451,28
12.461,23.05
12.471,22.101
12.481,23.151
12.491,19.201
12.501,16.251
12.511,8.3015
12.521,17.352
12.531,9.402
12.541,22.452
12.551,9.5025
12.561,22.553
12.571,19.603
12.581,24.653
12.591,12.704
12.601,27.754
12.611,4.804
12.621,6.8442
12.631,14.884
12.641,27.925
12.651,17.965
12.661,15.005
12.671,35.045
12.681,12.085
12.691,19.126
12.701,14.166
12.711,28.206
12.721,18.246
12.731,15.302
12.741,22.357
12.751,13.412
12.761,20.467
12.771,16.523
12.781,13.578
12.791,18.633
12.801,17.688
12.811,27.744
12.821,12.799
12.831,20.854
12.841,8.9246
12.851,8.995
12.861,17.065
12.871,15.136
12.881,9.206
12.891,23.276
12.901,19.347
12.911,25.417
12.921,20.487
12.931,14.558
12.941,5.6281
12.951,19.693
12.961,11.759
12.971,20.824
12.981,25.889
12.991,20.955
13.001,19.02
13.012,22.085
13.022,23.151
13.032,19.216
13.042,22.281
13.052,21.347
13.062,27.412
13.072,4.4774
13.082,17.533
13.092,20.588
13.102,21.643
13.112,22.698
13.122,16.754
13.132,19.809
13.142,8.8643
13.152,6.9196
13.162,17.975
13.172,17.03
13.182,6.0854
13.192,9.1407
13.202,21.196
13.212,18.271
13.222,15.347
13.232,14.422
13.242,21.497
13.252,22.573
13.262,20.648
13.272,13.724
13.282,24.799
13.292,20.874
13.302,21.95
13.312,4.0251
13.322,13.09
13.332,13.156
13.342,5.2211
13.352,9.2864
13.362,23.352
13.372,16.417
13.382,14.482
13.392,19.548
13.402,19.613
13.412,12.678
13.422,8.7437
13.432,17.809
13.442,22.874
13.452,13.94
13.462,17.005
13.472,23.07
13.482,13.136
13.492,14.201
13.502,10.266
13.512,13.332
13.522,6.397
13.532,14.462
13.542,14.528
13.552,8.593
13.562,16.658
13.572,10.724
13.582,3.7889
13.592,16.844
13.602,22.899
13.612,7.9548
13.622,19.01
13.632,11.065
13.642,23.121
13.652,17.176
13.662,10.231
13.672,9.2864
13.682,9.3417
13.692,21.397
13.702,11.452
13.712,20.508
13.722,12.563
13.732,8.6181
13.742,9.6734
13.752,10.729
13.762,9.7839
13.772,12.839
13.782,16.894
13.792,13.95
13.802,23.005
13.812,15.06
13.822,17.116
13.832,15.171
13.842,7.2261
13.852,15.281
13.862,16.337
13.872,23.392
13.882,20.457
13.892,13.523
13.902,15.588
13.912,14.653
13.922,16.719
13.932,22.784
13.942,29.849
13.952,6.9146
13.962,20.98
13.972,15.045
13.982,14.111
13.992,13.176
14.002,22.241
14.012,6.3065
14.022,11.372
14.032,14.437
14.042,20.503
14.052,15.568
14.062,21.633
14.072,13.698
14.082,20.764
14.092,20.829
14.102,17.894
14.112,10.96
14.122,13.025
14.132,14.09
14.142,19.156
14.152,14.221
14.162,20.286
14.172,16.352
14.182,17.417
14.192,23.482
14.202,18.548
14.212,15.613
14.222,16.678
14.232,13.744
14.242,14.809
14.252,16.874
14.262,13.94
14.272,13.005
14.282,8.0704
14.292,18.136
14.302,16.201
14.312,26.266
14.322,10.332
14.332,13.397
14.342,11.462
14.352,9.5276
14.362,13.593
14.372,14.658
14.382,7.7236
14.392,19.784
14.402,12.844
14.412,15.905
14.422,8.9648
14.432,8.0251
14.442,18.085
14.452,17.146
14.462,13.206
14.472,13.266
14.482,14.327
14.492,12.387
14.502,22.447
14.512,12.508
14.522,13.568
14.532,21.628
14.542,13.688
14.552,11.749
14.562,14.809
14.572,20.879
14.582,18.95
14.592,17.02
14.602,11.09
14.612,21.161
14.622,16.231
14.632,20.302
14.642,14.372
14.652,16.442
14.662,14.513
14.672,19.583
14.682,12.653
14.692,12.724
14.702,14.794
14.712,6.8643
14.722,12.92
14.732,11.975
14.742,7.0302
14.752,11.085
14.762,21.141
14.772,8.196
14.782,19.251
14.792,26.307
14.802,8.3618
14.812,21.417
14.822,4.4724
14.832,15.513
14.842,10.553
14.852,13.593
14.862,10.633
14.872,10.673
14.882,15.714
14.892,8.7538
14.902,14.794
14.912,22.834
14.922,16.874
14.932,21.915
14.942,17.955
14.952,15.995
14.962,17.035
14.972,11.075
14.982,17.116
14.992,8.1558
15.002,10.196
15.012,7.2362
15.022,18.276
15.032,14.317
15.042,18.357
15.052,9.397
15.062,7.4372
15.072,14.477
15.082,10.518
15.092,16.558
15.102,16.598
15.112,21.638
15.122,10.678
15.132,17.719
15.142,5.7588
15.152,13.799
15.162,18.839
15.172,17.879
15.182,18.92
15.192,1.9598
15.202,17.98
15.212,11
15.222,14.02
15.232,15.04
15.242,12.06
15.252,12.08
15.262,9.1005
15.272,13.121
15.282,9.1407
15.292,13.161
15.302,13.181
15.312,16.201
15.322,14.221
15.332,14.241
15.342,14.261
15.352,16.281
15.362,12.302
15.372,15.322
15.382,22.342
15.392,11.362
15.402,22.382
15.412,23.402
15.422,16.422
15.432,18.442
15.442,10.462
15.452,18.482
15.462,17.503
15.472,12.523
15.482,7.5427
15.492,13.563
15.502,11.583
15.512,11.603
15.522,15.623
15.532,16.643
15.542,15.663
15.552,4.6834
15.562,14.704
15.572,7.7236
15.582,13.744
15.592,17.764
15.602,8.7839
15.612,18.804
15.622,20.824
15.632,12.844
15.642,8.8643
15.652,7.8844
15.662,20.905
15.672,8.9246
15.682,10.945
15.692,14.965
15.702,13.985
15.712,13.005
15.722,14.025
15.732,13.045
15.742,6.0653
15.752,13.085
15.762,12.106
15.772,15.126
15.782,18.146
15.792,10.166
15.802,20.186
15.812,18.206
15.822,15.226
15.832,10.246
15.842,12.266
15.852,18.286
15.862,1.3065
15.872,6.3166
15.882,16.327
15.892,16.337
15.902,6.3568
15.912,12.377
15.922,12.397
15.932,7.4171
15.942,19.437
15.952,9.4573
15.962,4.4774
15.972,5.4975
15.982,7.5176
15.992,11.538
16.002,9.5578
16.012,7.5779
16.022,14.598
16.032,11.618
16.042,10.638
16.052,9.6583
16.062,12.678
16.072,21.698
16.082,14.719
16.092,9.7387
16.102,6.7588
16.112,15.779
16.122,9.799
16.132,12.819
16.142,4.8392
16.152,14.859
16.162,6.8794
16.172,6.8995
16.182,13.92
16.192,8.9397
16.202,5.9598
16.212,12.98
16.222,8
16.232,7.0201
16.242,12.04
16.252,9.0603
16.262,6.0804
16.272,8.1005
16.282,9.1206
16.292,9.1407
16.302,9.1608
16.312,8.1809
16.322,9.201
16.332,10.221
16.342,11.241
16.352,8.2613
16.362,9.2814
16.372,7.3015
16.382,6.3216
16.392,14.342
16.402,6.3618
16.412,11.382
16.422,7.402
16.432,10.422
16.442,12.442
16.452,11.462
16.462,5.4824
16.472,11.503
16.482,3.5226
16.492,17.543
16.502,10.563
16.512,12.583
16.522,7.603
16.532,15.623
16.542,8.6432
16.552,0.66332
16.562,11.673
16.572,7.6834
16.582,6.6935
16.592,6.7035
16.602,8.7136
16.612,8.7236
16.622,13.734
16.632,7.7437
16.642,10.754
16.652,4.7638
16.662,5.7739
16.672,5.7839
16.682,6.794
16.692,7.804
16.702,6.8141
16.712,9.8241
16.722,9.8342
16.732,7.8442
16.742,9.8543
16.752,6.8643
16.762,11.874
16.772,5.8844
16.782,8.8945
16.792,10.905
16.802,12.915
16.812,8.9246
16.822,9.9347
16.832,4.9447
16.842,10.955
16.852,8.9648
16.862,6.9749
16.872,9.9849
16.882,2.995
16.892,7.005
16.902,4.0151
16.912,9.0251
16.922,10.035
16.932,9.0452
16.942,6.0553
16.952,7.0653
16.962,13.075
16.972,8.0854
16.982,8.0955
16.992,2.1055
17.002,5.1156
17.012,5.1256
17.022,9.1357
17.032,9.1457
17.042,11.156
17.052,9.1658
17.062,8.1759
17.072,5.1859
17.082,12.196
17.092,9.206
17.102,4.2161
17.112,4.2261
17.122,7.2362
17.132,9.2462
17.142,4.2563
17.152,8.2663
17.162,11.276
17.172,11.286
17.182,7.2965
17.192,5.3065
17.202,8.3166
17.212,7.3266
17.222,5.3367
17.232,5.3467
17.242,1.3568
17.252,8.3668
17.262,7.3769
17.272,10.387
17.282,15.397
17.292,4.407
17.302,10.417
17.312,11.427
17.322,7.4372
17.332,8.4472
17.342,5.4573
17.352,4.4673
17.362,4.4774
17.372,3.4874
17.382,5.4975
17.392,5.5075
17.402,6.5176
17.412,4.5377
17.422,7.5578
17.432,11.578
17.442,8.598
17.452,6.6181
17.462,11.638
17.472,7.6583
17.482,10.678
17.492,5.6985
17.502,12.719
17.512,5.7387
17.522,6.7588
17.532,8.7789
17.542,5.799
17.552,9.8191
17.562,6.8392
17.572,5.8593
17.582,8.8794
17.592,4.8995
17.602,9.9196
17.612,10.94
17.622,9.9598
17.632,4.9799
17.642,11
17.652,3.0201
17.662,10.04
17.672,9.0603
17.682,6.0804
17.692,12.101
17.702,10.121
17.712,13.141
17.722,7.1608
17.732,4.1809
17.742,7.201
17.752,4.2211
17.762,15.241
17.772,6.2613
17.782,5.2814
17.792,6.3015
17.802,5.3216
17.812,6.3417
17.822,8.3618
17.832,5.3819
17.842,6.402
17.852,6.4221
17.862,5.4422
17.872,5.4623
17.882,0.48241
17.892,5.4925
17.902,6.5025
17.912,5.5126
17.922,5.5226
17.932,3.5327
17.942,8.5427
17.952,8.5528
17.962,5.5628
17.972,2.5729
17.982,5.5829
17.992,3.593
18.002,13.603
18.013,5.6131
18.023,7.6231
18.033,6.6332
18.043,2.6432
18.053,5.6533
18.063,3.6633
18.073,5.6734
18.083,11.683
18.093,13.693
18.103,11.704
18.113,5.7136
18.123,4.7236
18.133,6.7337
18.143,4.7437
18.153,5.7538
18.163,3.7638
18.173,2.7739
18.183,3.7839
18.193,6.794
18.203,8.804
18.213,5.8141
18.223,6.8241
18.233,5.8342
18.243,8.8442
18.253,8.8543
18.263,5.8643
18.273,6.8744
18.283,6.8844
18.293,11.894
18.303,5.9045
18.313,4.9146
18.323,2.9246
18.333,7.9347
18.343,7.9447
18.353,5.9548
18.363,9.9648
18.373,8.9749
18.383,14.985
18.393,5.995
18.403,5.005
18.413,7.0151
18.423,6.0251
18.433,6.0352
18.443,10.045
18.453,7.0553
18.463,1.0653
18.473,3.0754
18.483,12.085
18.493,4.0955
18.503,5.1055
18.513,1.1156
18.523,3.1256
18.533,9.1357
18.543,4.1457
18.553,4.1558
18.563,4.1658
18.573,8.1759
18.583,5.1859
18.593,4.196
18.603,9.206
18.613,9.2161
18.623,6.2261
18.633,3.2362
18.643,3.2462
18.653,6.2563
18.663,5.2663
18.673,9.2764
18.683,11.286
18.693,3.2965
18.703,5.3065
18.713,3.3166
18.723,6.3266
18.733,5.3367
18.743,3.3467
18.753,8.3568
18.763,5.3668
18.773,6.3769
18.783,7.3869
18.793,1.397
18.803,10.407
18.813,6.4171
18.823,4.4271
18.833,2.4372
18.843,2.4472
18.853,6.4573
18.863,6.4673
18.873,9.4774
18.883,6.4874
18.893,3.4975
18.903,6.5075
18.913,6.5176
18.923,9.5276
18.933,8.5377
18.943,7.5477
18.953,3.5578
18.963,7.5678
18.973,4.5779
18.983,5.5879
18.993,4.598
19.003,5.608
19.013,5.6162
19.023,3.6244
19.033,2.6327
19.043,2.641
19.053,5.6495
19.063,6.658
19.073,1.6667
19.083,3.6754
19.093,1.6842
19.103,5.6931
19.113,3.7021
19.123,2.7112
19.133,7.7204
19.143,2.7297
19.153,4.7391
19.163,2.7486
19.173,5.7582
19.183,2.768
19.193,5.7778
19.203,3.7877
19.213,2.7978
19.223,3.8079
19.233,3.8182
19.243,4.8286
19.253,3.8391
19.263,7.8497
19.273,7.8605
19.283,5.8713
19.293,6.8824
19.303,2.8935
19.313,3.9048
19.323,2.9162
19.333,1.9277
19.343,3.9394
19.353,4.9512
19.363,4.9632
19.373,1.9753
19.383,4.9876
19.393,0
19.403,6
19.413,7
19.423,3
19.433,4
19.443,10
19.453,4
19.463,5
19.473,4
19.483,5
19.493,4
19.503,6
19.513,1
19.523,4
19.533,7
19.543,5
19.553,6
19.563,3
19.573,7
19.583,1
19.593,6
19.603,4
19.613,1
19.623,10
19.633,5
19.643,3
19.653,2
19.663,4
19.673,3
19.683,8
19.693,2
19.703,1
19.713,3
19.723,3
19.733,3
19.743,6
19.753,5
19.763,8
19.773,5
19.783,7
19.793,5
19.803,3
19.813,7
19.823,4
19.833,1
19.843,4
19.853,2
19.863,3
19.873,3
19.883,4
19.893,3
19.903,3
19.913,8
19.923,9
19.933,9
19.943,4
19.953,5
19.963,5
19.973,4
19.983,5
19.993,3
20.003,1
