kilo-Electron Volt [keV],Counts
0.099,155
0.109,24
0.119,0
0.129,29.709
0.139,230.5
0.149,403.31
0.159,234.15
0.169,148.01
0.179,119.89
0.189,137.61
0.199,184.93
0.209,189.27
0.219,241.64
0.229,267.04
0.239,322.47
0.249,375.93
0.259,426.41
0.269,447.92
0.279,444.46
0.289,416.02
0.299,353.6
0.309,305.21
0.319,248.84
0.329,209.49
0.339,182.16
0.349,172.86
0.359,160.57
0.369,162.28
0.379,181.02
0.389,190.77
0.399,160.54
0.409,193.33
0.419,199.14
0.429,225.96
0.439,221.81
0.449,264.67
0.459,283.54
0.469,302.44
0.479,303.35
0.489,346.27
0.499,369.21
0.509,392.17
0.519,416.14
0.529,400.13
0.539,390.13
0.549,410.14
0.559,410.16
0.569,397.2
0.579,457.26
0.589,438.32
0.599,459.4
0.609,429.49
0.619,468.59
0.629,556.71
0.639,508.83
0.649,624.97
0.659,665.12
0.669,717.27
0.679,747.44
0.689,837.62
0.699,852.81
0.709,990.01
0.719,1147.2
0.729,1258.4
0.739,1479.7
0.749,1848.9
0.759,2353.2
0.769,2836.4
0.779,3466.7
0.789,3908
0.799,4546.2
0.809,5141.5
0.819,5539.8
0.829,5958.1
0.839,6782.4
0.849,8171.8
0.859,10368
0.869,13823
0.879,18141
0.889,23837
0.899,29597
0.909,34454
0.919,38181
0.929,39557
0.939,38478
0.949,34629
0.959,29259
0.969,22947
0.979,16951
0.989,11926
0.999,7690.5
1.009,4701.9
1.019,2763.3
1.029,1661.8
1.039,862.24
1.049,492.69
1.059,320.15
1.069,239.62
1.079,226.09
1.089,187.57
1.099,120.58
1.109,114.6
1.119,113.61
1.129,117.63
1.139,114.64
1.149,140.66
1.159,156.67
1.169,154.69
1.179,145.7
1.189,121.72
1.199,92.734
1.209,118.61
1.219,156.47
1.229,121.32
1.239,166.09
1.249,148.86
1.259,134.63
1.269,155.33
1.279,146.03
1.289,156.66
1.299,187.27
1.309,159.88
1.319,160.48
1.329,169.07
1.339,158.66
1.349,176.17
1.359,198.68
1.369,185.19
1.379,183.69
1.389,168.2
1.399,199.69
1.409,168.19
1.419,191.57
1.429,215.96
1.439,215.35
1.449,217.73
1.459,209.12
1.469,179.51
1.479,223.85
1.489,187.2
1.499,207.55
1.509,215.89
1.519,215.24
1.529,193.59
1.539,190.93
1.549,225.28
1.559,208.63
1.569,217.97
1.579,209.32
1.589,215.67
1.599,198.02
1.609,164.36
1.619,211.46
1.629,234.55
1.639,213.63
1.649,208.72
1.659,220.73
1.669,228.71
1.679,223.69
1.689,237.59
1.699,274.44
1.709,253.28
1.719,312.13
1.729,297.97
1.739,250.81
1.749,267.66
1.759,289.5
1.769,316.35
1.779,312.19
1.789,321.04
1.799,271.88
1.809,239.72
1.819,251.57
1.829,252.41
1.839,313.26
1.849,270.1
1.859,269.94
1.869,280.79
1.879,288.63
1.889,239.48
1.899,261.32
1.909,268.17
1.919,224.01
1.929,217.85
1.939,237.7
1.949,203.54
1.959,190.39
1.969,213.19
1.979,194.98
1.989,213.73
1.999,203.47
2.009,212.22
2.019,196.96
2.029,241.6
2.039,218.25
2.049,232.89
2.059,207.53
2.069,227.15
2.079,244.77
2.089,224.39
2.099,232.01
2.109,222.62
2.119,206.39
2.129,196.64
2.139,225.86
2.149,229.09
2.159,197.31
2.169,231.43
2.179,222.65
2.189,213.12
2.199,241.58
2.209,217.04
2.219,228.5
2.229,204.96
2.239,226.42
2.249,202.88
2.259,215.3
2.269,264.71
2.279,254.13
2.289,245.55
2.299,261.96
2.309,279.38
2.319,212.8
2.329,198.22
2.339,221.57
2.349,248.92
2.359,261.29
2.369,227.65
2.379,251.02
2.389,259.43
2.399,241.84
2.409,242.26
2.419,247.67
2.429,226.08
2.439,240.49
2.449,240.9
2.459,254.38
2.469,246.93
2.479,239.49
2.489,233.04
2.499,237.59
2.509,234.15
2.519,244.7
2.529,248.25
2.539,244.8
2.549,240.36
2.559,238.91
2.569,215.46
2.579,219.02
2.589,254.57
2.599,213.12
2.609,227.67
2.619,236.23
2.629,260.78
2.639,274.33
2.649,232.92
2.659,213.52
2.669,254.11
2.679,263.7
2.689,262.3
2.699,262.89
2.709,255.48
2.719,266.08
2.729,245.67
2.739,221.26
2.749,242.85
2.759,264.45
2.769,249.04
2.779,228.63
2.789,220.23
2.799,227.82
2.809,236.41
2.819,219.01
2.829,206.6
2.839,215.19
2.849,242.78
2.859,230.49
2.869,209.19
2.879,224.89
2.889,231.6
2.899,219.3
2.909,213.01
2.919,230.71
2.929,244.41
2.939,241.12
2.949,244.82
2.959,244.52
2.969,265.23
2.979,278.93
2.989,271.63
2.999,280.34
3.010,284.04
3.020,244.79
3.030,225.55
3.040,245.3
3.050,217.06
3.060,197.81
3.070,225.56
3.080,217.32
3.090,205.07
3.100,226.82
3.110,208.58
3.120,213.38
3.130,230.19
3.140,230.99
3.150,230.79
3.160,204.6
3.170,187.4
3.180,163.21
3.190,156.01
3.200,177.95
3.210,187.01
3.220,193.07
3.230,201.22
3.240,212.36
3.250,210.51
3.260,182.72
3.270,204.94
3.280,220.22
3.290,194.52
3.300,175.83
3.310,194.15
3.320,214.47
3.330,179.79
3.340,156.2
3.350,161.6
3.360,184.01
3.370,187.42
3.380,171.82
3.390,183.25
3.400,160.67
3.410,156.2
3.420,184.72
3.430,197.25
3.440,179.78
3.450,197.31
3.460,184.83
3.470,140.4
3.480,162.97
3.490,200.54
3.500,191.11
3.510,162.67
3.520,176.24
3.530,161.81
3.540,135.38
3.550,160.94
3.560,166.65
3.570,154.36
3.580,148.07
3.590,141.78
3.600,147.49
3.610,167.44
3.620,161.41
3.630,138.38
3.640,138.35
3.650,150.39
3.660,138.47
3.670,128.54
3.680,148.7
3.690,169.91
3.700,157.12
3.710,119.33
3.720,142.54
3.730,135.75
3.740,114.96
3.750,126.18
3.760,131.49
3.770,153.81
3.780,131.13
3.790,106.44
3.800,123.76
3.810,138.08
3.820,115.39
3.830,116.71
3.840,129.03
3.850,154.34
3.860,128.66
3.870,119.97
3.880,129.29
3.890,131.61
3.900,161.92
3.910,157.24
3.920,160.56
3.930,153.87
3.940,128.19
3.950,120.51
3.960,119.87
3.970,140.23
3.980,130.65
3.990,109.07
4.000,114.48
4.010,143.9
4.020,125.42
4.030,139.93
4.040,168.45
4.050,148.97
4.060,162.59
4.070,152.21
4.080,133.82
4.090,150.44
4.100,156.06
4.110,104.68
4.120,85.296
4.130,131.94
4.140,138.59
4.150,154.24
4.160,172.98
4.170,121.73
4.180,140.47
4.190,143.22
4.200,107.96
4.210,101.7
4.220,110.45
4.230,135.2
4.240,139.94
4.250,164.79
4.260,147.63
4.270,121.48
4.280,125.32
4.290,112.17
4.300,104.01
4.310,102.85
4.320,138.7
4.330,111.61
4.340,121.52
4.350,129.43
4.360,127.34
4.370,96.246
4.380,108.11
4.390,110.97
4.400,151.84
4.410,145.7
4.420,146.57
4.430,133.43
4.440,89.296
4.450,75.095
4.460,98.819
4.470,130.54
4.480,148.27
4.490,126.99
4.500,130.71
4.510,130.44
4.520,148.16
4.530,140.88
4.540,110.61
4.550,146.33
4.560,122.17
4.570,110
4.580,123.83
4.590,118.67
4.600,117.5
4.610,129.34
4.620,118.17
4.630,81.005
4.640,81.799
4.650,102.59
4.660,107.39
4.670,115.21
4.680,125.04
4.690,122.89
4.700,115.75
4.710,97.613
4.720,108.47
4.730,115.33
4.740,121.19
4.750,111.05
4.760,108.91
4.770,127.77
4.780,113.63
4.790,122.49
4.800,102.35
4.810,119.21
4.820,153.07
4.830,118.92
4.840,76.784
4.850,111.53
4.860,112.28
4.870,108.03
4.880,143.78
4.890,114.53
4.900,94.276
4.910,110.03
4.920,128.77
4.930,143.52
4.940,143.27
4.950,116.02
4.960,97.814
4.970,143.61
4.980,133.4
4.990,108.2
5.000,78.99
5.010,103.73
5.020,129.48
5.030,110.24
5.040,117.99
5.050,152.75
5.060,94.513
5.070,103.27
5.080,126.03
5.090,129.79
5.100,76.548
5.110,104.26
5.120,114.96
5.130,120.67
5.140,106.38
5.150,114.09
5.160,120.8
5.170,118.51
5.180,95.216
5.190,63.925
5.200,109.54
5.210,109.15
5.220,113.76
5.230,90.377
5.240,110.03
5.250,146.67
5.260,121.32
5.270,104.97
5.280,114.62
5.290,135.27
5.300,128.91
5.310,105.56
5.320,102.21
5.330,114.86
5.340,114.51
5.350,96.156
5.360,134.8
5.370,128.45
5.380,129.1
5.390,122.76
5.400,107.42
5.410,134.08
5.420,114.73
5.430,146.39
5.440,133.05
5.450,108.71
5.460,147.37
5.470,111.03
5.480,120.68
5.490,111.34
5.500,94
5.510,105.66
5.520,92.317
5.530,85.975
5.540,58.633
5.550,76.151
5.560,97.668
5.570,117.19
5.580,126.7
5.590,124.22
5.600,98.739
5.610,119.26
5.620,85.774
5.630,71.291
5.640,77.809
5.650,92.327
5.660,87.844
5.670,94.362
5.680,81.879
5.690,79.397
5.700,88.915
5.710,91.432
5.720,83.95
5.730,106.47
5.740,47.985
5.750,88.397
5.760,69.809
5.770,121.22
5.780,104.63
5.790,62.045
5.800,65.457
5.810,81.869
5.820,97.281
5.830,106.69
5.840,67.106
5.850,73.518
5.860,128.93
5.870,113.34
5.880,62.754
5.890,103.17
5.900,88.578
5.910,145.99
5.920,65.402
5.930,91.814
5.940,91.226
5.950,116.64
5.960,74.05
5.970,120.46
5.980,93.874
5.990,67.286
6.000,91.698
6.010,79.111
6.020,97.523
6.030,76.935
6.040,45.347
6.050,79.683
6.060,81.02
6.070,102.36
6.080,77.693
6.090,62.03
6.100,49.367
6.110,82.704
6.120,115.04
6.130,89.377
6.140,56.714
6.150,59.05
6.160,80.387
6.170,62.724
6.180,57.06
6.190,115.4
6.200,74.734
6.210,80.07
6.220,68.407
6.230,40.744
6.240,84.025
6.250,75.307
6.260,85.588
6.270,118.87
6.280,46.151
6.290,122.43
6.300,92.714
6.310,101.99
6.320,83.276
6.330,131.56
6.340,150.84
6.350,135.13
6.360,137.41
6.370,156.71
6.380,185.06
6.390,179.4
6.400,160.74
6.410,167.08
6.420,194.49
6.430,146.9
6.440,138.32
6.450,188.73
6.460,154.14
6.470,157.55
6.480,89.965
6.490,86.377
6.500,122.79
6.510,86.276
6.520,96.764
6.530,82.251
6.540,29.739
6.550,61.116
6.560,70.492
6.570,54.869
6.580,41.246
6.590,92.623
6.600,53
6.610,58.377
6.620,49.754
6.630,58.131
6.640,45.508
6.650,27.884
6.660,78.231
6.670,21.578
6.680,54.889
6.690,62.201
6.700,52.513
6.710,85.824
6.720,39.136
6.730,63.447
6.740,80.759
6.750,49.07
6.760,39.382
6.770,39.693
6.780,30.005
6.790,29.317
6.800,39.628
6.810,80.94
6.820,84.251
6.830,60.563
6.840,54.874
6.850,57.186
6.860,90.497
6.870,57.809
6.880,52.121
6.890,52.432
6.900,47.744
6.910,43.055
6.920,43.367
6.930,43.678
6.940,20.99
6.950,59.256
6.960,51.523
6.970,52.789
6.980,72.055
6.990,81.322
7.000,80.588
7.010,19.854
7.020,62.106
7.030,56.357
7.040,33.608
7.050,63.859
7.060,41.111
7.070,75.362
7.080,50.613
7.090,93.864
7.100,65.116
7.110,39.367
7.120,27.719
7.130,73.07
7.140,52.578
7.150,24.09
7.160,62.603
7.170,48.251
7.180,59.899
7.190,63.548
7.200,35.196
7.210,29.844
7.220,21.492
7.230,29.106
7.240,30.739
7.250,24.427
7.260,51.116
7.270,50.804
7.280,26.492
7.290,65.181
7.300,43.869
7.310,57.558
7.320,71.246
7.330,50.935
7.340,38.623
7.350,40.312
7.360,74
7.370,29.688
7.380,41.367
7.390,75.055
7.400,39.744
7.410,75.432
7.420,74.121
7.430,67.809
7.440,99.497
7.450,60.186
7.460,87.945
7.470,99.704
7.480,73.462
7.490,75.221
7.500,72.98
7.510,81.739
7.520,108.5
7.530,74.256
7.540,72.015
7.550,46.774
7.560,123.53
7.570,87.291
7.580,46.05
7.590,90.809
7.600,60.568
7.610,80.327
7.620,71.085
7.630,76.844
7.640,61.603
7.650,63.362
7.660,78.121
7.670,126.88
7.680,93.638
7.690,75.397
7.700,79.156
7.710,72.915
7.720,77.673
7.730,106.43
7.740,100.19
7.750,98.95
7.760,101.71
7.770,118.47
7.780,98.226
7.790,159.98
7.800,173.74
7.810,206.5
7.820,262.26
7.830,290.02
7.840,405.78
7.850,528.54
7.860,766.3
7.870,1039.1
7.880,1438.8
7.890,1923.6
7.900,2603.4
7.910,3420.3
7.920,4420.2
7.930,5828
7.940,7355.9
7.950,8972.8
7.960,10842
7.970,12433
7.980,14406
7.990,16704
8.000,18416
8.011,19588
8.021,21116
8.031,21624
8.041,22050
8.051,21470
8.061,20941
8.071,19896
8.081,18462
8.091,16658
8.101,14851
8.111,12788
8.121,10954
8.131,9074.3
8.141,7342.2
8.151,5854
8.161,4751.9
8.171,3642.8
8.181,2814.6
8.191,1995.5
8.201,1442.4
8.211,1039.2
8.221,810.1
8.231,515.96
8.241,404.82
8.251,315.69
8.261,193.55
8.271,202.42
8.281,153.28
8.291,141.15
8.301,129.01
8.311,153.87
8.321,132.74
8.331,105.6
8.341,111.46
8.351,104.32
8.361,97.166
8.371,102.97
8.381,102.77
8.391,122.58
8.401,86.382
8.411,110.12
8.421,130.85
8.431,120.58
8.441,93.317
8.451,105.05
8.461,123.78
8.471,115.52
8.481,116.25
8.491,78.01
8.501,95.693
8.511,140.38
8.521,103.06
8.531,109.74
8.541,105.43
8.551,101.11
8.561,104.79
8.571,114.48
8.581,113.16
8.591,153.84
8.601,114.53
8.611,109.21
8.621,123.89
8.631,143.58
8.641,152.26
8.651,162.94
8.661,164.63
8.671,191.31
8.681,194.99
8.691,179.68
8.701,199.36
8.711,206.05
8.721,243.73
8.731,286.41
8.741,335.1
8.751,438.78
8.761,514.51
8.771,632.25
8.781,784.98
8.791,960.71
8.801,1174.4
8.811,1300.2
8.821,1498.9
8.831,1751.6
8.841,2123.4
8.851,2270.1
8.861,2565.8
8.871,2733.6
8.881,2726.3
8.891,2961.1
8.901,2961.8
8.911,2986.5
8.921,2951.3
8.931,2725
8.941,2630.7
8.951,2375.5
8.961,2184.2
8.971,1980.9
8.981,1695.7
8.991,1446.4
9.001,1287.1
9.011,1036.9
9.021,805.59
9.031,681.32
9.041,543.06
9.051,411.79
9.061,316.52
9.071,290.26
9.081,220.99
9.091,138.72
9.101,101.46
9.111,108.09
9.121,71.724
9.131,71.201
9.141,83.673
9.151,45.146
9.161,54.482
9.171,56.819
9.181,48.156
9.191,55.492
9.201,59.829
9.211,48.166
9.221,43.503
9.231,32.819
9.241,57.08
9.251,45.342
9.261,53.603
9.271,57.864
9.281,42.126
9.291,38.387
9.301,62.648
9.311,66.91
9.321,40.171
9.331,51.432
9.341,53.693
9.351,38.955
9.361,50.216
9.371,34.477
9.381,49.729
9.391,50.98
9.401,71.231
9.411,64.482
9.421,43.734
9.431,39.985
9.441,22.236
9.451,66.417
9.461,31.598
9.471,28.779
9.481,33.96
9.491,56.141
9.501,41.322
9.511,46.503
9.521,53.683
9.531,46.864
9.541,41.045
9.551,46.226
9.561,47.407
9.571,53.588
9.581,37.769
9.591,54.95
9.601,62.131
9.611,43.312
9.621,56.492
9.631,69.709
9.641,49.925
9.651,58.141
9.661,66.357
9.671,59.573
9.681,68.789
9.691,50.005
9.701,49.221
9.711,61.437
9.721,57.653
9.731,58.869
9.741,75.085
9.751,56.302
9.761,39.518
9.771,44.734
9.781,59.95
9.791,64.166
9.801,71.382
9.811,34.598
9.821,58.814
9.831,64.03
9.841,80.246
9.851,65.462
9.861,68.678
9.871,56.894
9.881,10.111
9.891,47.221
9.901,60.332
9.911,43.442
9.921,55.553
9.931,40.663
9.941,48.774
9.951,36.884
9.961,34.03
9.971,68.176
9.981,47.322
9.991,31.467
10.001,37.613
10.011,47.759
10.021,60.905
10.031,35.05
10.041,34.196
10.051,45.342
10.061,42.487
10.071,44.653
10.081,75.834
10.091,72.015
10.101,52.196
10.111,46.377
10.121,33.558
10.131,58.739
10.141,58.92
10.151,69.101
10.161,39.281
10.171,34.462
10.181,31.643
10.191,42.824
10.201,44.005
10.211,24.186
10.221,21.367
10.231,37.548
10.241,43.729
10.251,24.91
10.261,55.09
10.271,22.271
10.281,34.452
10.291,36.633
10.301,38.814
10.311,49.995
10.321,34.176
10.331,56.357
10.341,44.538
10.351,37.719
10.361,57.899
10.371,34.08
10.381,41.261
10.391,64.452
10.401,34.643
10.411,29.834
10.421,35.025
10.431,23.216
10.441,44.407
10.451,26.598
10.461,24.789
10.471,14.98
10.481,23.146
10.491,40.312
10.501,30.477
10.511,23.643
10.521,38.809
10.531,54.975
10.541,60.141
10.551,37.307
10.561,62.472
10.571,39.663
10.581,38.854
10.591,47.045
10.601,44.236
10.611,55.427
10.621,40.618
10.631,30.809
10.641,36
10.651,58.191
10.661,61.382
10.671,41.573
10.681,62.764
10.691,28.955
10.701,31.146
10.711,45.337
10.721,34.528
10.731,59.719
10.741,9.9095
10.751,37.05
10.761,51.191
10.771,43.332
10.781,41.472
10.791,60.613
10.801,40.754
10.811,41.894
10.821,68.035
10.831,43.176
10.841,42.317
10.851,61.457
10.861,35.598
10.871,30.739
10.881,21.879
10.891,35.06
10.901,31.241
10.911,48.422
10.921,39.603
10.931,14.784
10.941,41.965
10.951,37.146
10.961,36.327
10.971,41.508
10.981,44.688
10.991,61.869
11.001,46.05
11.011,63.231
11.021,44.412
11.031,26.593
11.041,41.774
11.051,30.955
11.061,36.136
11.071,31.317
11.081,36.497
11.091,23.678
11.101,50.859
11.111,57.04
11.121,28.221
11.131,26.402
11.141,42.583
11.151,33.764
11.161,40.945
11.171,52.126
11.181,50.307
11.191,38.487
11.201,43.668
11.211,39.849
11.221,37.03
11.231,36.211
11.241,50.392
11.251,44.573
11.261,30.754
11.271,32.935
11.281,37.116
11.291,39.296
11.301,39.477
11.311,55.658
11.321,26.839
11.331,32.02
11.341,23.201
11.351,52.382
11.361,34.563
11.371,46.744
11.381,34.925
11.391,25.106
11.401,44.286
11.411,38.467
11.421,38.648
11.431,39.829
11.441,32.01
11.451,27.191
11.461,65.372
11.471,47.553
11.481,43.734
11.491,35.915
11.501,29.095
11.511,39.276
11.521,51.457
11.531,35.638
11.541,34.819
11.551,52
11.561,34.181
11.571,48.362
11.581,46.543
11.591,38.734
11.601,37.925
11.611,18.116
11.621,46.271
11.631,53.472
11.641,22.673
11.651,27.874
11.661,36.075
11.671,50.276
11.681,26.477
11.691,57.678
11.701,20.879
11.711,29.08
11.721,53.281
11.731,34.482
11.741,52.683
11.751,26.884
11.761,32.085
11.771,34.286
11.781,34.487
11.791,39.688
11.801,39.889
11.811,32.09
11.821,29.291
11.831,44.492
11.841,57.693
11.851,30.894
11.861,40.161
11.871,46.427
11.881,33.693
11.891,32.96
11.901,57.226
11.911,27.492
11.921,41.759
11.931,26.025
11.941,18.291
11.951,20.523
11.961,39.754
11.971,36.985
11.981,35.216
11.991,35.447
12.001,29.678
12.011,40.91
12.021,25.141
12.031,39.372
12.041,44.603
12.051,16.834
12.061,14.045
12.071,41.241
12.081,38.437
12.091,23.633
12.101,56.829
12.111,43.025
12.121,34.221
12.131,28.417
12.141,30.613
12.151,31.809
12.161,30.005
12.171,29.201
12.181,45.397
12.191,38.593
12.201,24.789
12.211,21.985
12.221,22.181
12.231,25.377
12.241,47.573
12.251,33.769
12.261,30.965
12.271,33.161
12.281,33.357
12.291,39.553
12.301,36.749
12.311,37.945
12.321,40.141
12.331,32.337
12.341,42.533
12.351,41.729
12.361,21.925
12.371,18.121
12.381,27.307
12.391,32.492
12.401,32.678
12.411,31.864
12.421,44.05
12.431,40.266
12.441,42.482
12.451,37.698
12.461,19.915
12.471,27.131
12.481,23.347
12.491,41.563
12.501,25.779
12.511,48.995
12.521,36.211
12.531,26.427
12.541,24.643
12.551,16.859
12.561,51.05
12.571,31.241
12.581,19.432
12.591,24.623
12.601,32.814
12.611,55.005
12.621,54.196
12.631,64.397
12.641,37.598
12.651,35.799
12.661,44
12.671,25.201
12.681,23.402
12.691,53.603
12.701,38.804
12.711,26.005
12.721,26.206
12.731,29.407
12.741,34.608
12.751,31.809
12.761,33.01
12.771,46.211
12.781,41.447
12.791,42.683
12.801,28.92
12.811,38.156
12.821,33.392
12.831,30.628
12.841,32.864
12.851,34.101
12.861,39.337
12.871,15.573
12.881,24.769
12.891,41.965
12.901,31.161
12.911,25.357
12.921,46.553
12.931,29.749
12.941,30.945
12.951,18.141
12.961,46.337
12.971,39.533
12.981,42.729
12.991,35.925
13.001,38.121
13.012,42.317
13.022,42.513
13.032,40.709
13.042,51.905
13.052,36.101
13.062,20.296
13.072,34.492
13.082,34.688
13.092,35.884
13.102,45.08
13.112,41.276
13.122,43.472
13.132,36.668
13.142,54.864
13.152,32.06
13.162,35.256
13.172,25.452
13.182,32.648
13.192,40.844
13.202,26.04
13.212,32.236
13.222,33.432
13.232,42.628
13.242,41.824
13.252,24.02
13.262,32.216
13.272,31.412
13.282,46.608
13.292,36.804
13.302,48
13.312,29.196
13.322,43.392
13.332,44.588
13.342,29.784
13.352,46.98
13.362,38.176
13.372,32.372
13.382,49.568
13.392,41.764
13.402,34.96
13.412,29.156
13.422,34.352
13.432,33.548
13.442,35.744
13.452,48.94
13.462,38.136
13.472,32.332
13.482,39.528
13.492,45.724
13.502,27.92
13.512,38.116
13.522,34.312
13.532,41.508
13.542,53.704
13.552,40.899
13.562,37.095
13.572,27.291
13.582,27.477
13.592,41.663
13.602,38.849
13.612,19.035
13.622,33.176
13.632,33.332
13.642,32.487
13.652,38.643
13.662,29.799
13.672,41.955
13.682,32.111
13.692,36.266
13.702,48.422
13.712,38.578
13.722,57.734
13.732,28.889
13.742,38.045
13.752,39.201
13.762,26.357
13.772,24.513
13.782,29.668
13.792,42.824
13.802,34.98
13.812,28.136
13.822,28.291
13.832,40.447
13.842,9.603
13.852,27.693
13.862,22.784
13.872,30.874
13.882,33.965
13.892,46.055
13.902,27.146
13.912,27.236
13.922,35.327
13.932,41.417
13.942,19.508
13.952,28.598
13.962,24.688
13.972,19.779
13.982,52.869
13.992,30.96
14.002,36.05
14.012,33.141
14.022,31.231
14.032,21.322
14.042,28.412
14.052,31.503
14.062,33.593
14.072,41.683
14.082,21.774
14.092,34.864
14.102,20.955
14.112,42.045
14.122,30.136
14.132,29.226
14.142,45.317
14.152,22.407
14.162,37.497
14.172,29.588
14.182,28.678
14.192,26.769
14.202,39.859
14.212,25.96
14.222,45.06
14.232,27.161
14.242,24.261
14.252,38.362
14.262,27.462
14.272,42.563
14.282,21.663
14.292,31.764
14.302,38.864
14.312,31.965
14.322,55.065
14.332,29.166
14.342,53.266
14.352,37.367
14.362,20.467
14.372,30.573
14.382,25.678
14.392,35.784
14.402,20.889
14.412,8.995
14.422,24.07
14.432,41.146
14.442,30.221
14.452,18.296
14.462,30.372
14.472,21.447
14.482,22.523
14.492,29.598
14.502,17.673
14.512,41.749
14.522,31.824
14.532,34.899
14.542,35.975
14.552,25.05
14.562,35.126
14.572,20.201
14.582,38.276
14.592,20.352
14.602,35.427
14.612,8.5025
14.622,37.578
14.632,35.653
14.642,21.729
14.652,43.804
14.662,28.879
14.672,17.96
14.682,44.04
14.692,14.136
14.702,28.231
14.712,13.327
14.722,24.422
14.732,27.518
14.742,34.613
14.752,25.709
14.762,2.804
14.772,13.864
14.782,26.925
14.792,33.985
14.802,32.045
14.812,21.106
14.822,36.166
14.832,47.226
14.842,36.286
14.852,26.347
14.862,24.407
14.872,29.467
14.882,39.528
14.892,23.588
14.902,20.648
14.912,12.709
14.922,22.769
14.932,22.829
14.942,42.889
14.952,28.95
14.962,34.01
14.972,40.07
14.982,37.131
14.992,28.191
15.002,12.251
15.012,25.312
15.022,34.372
15.032,29.432
15.042,11.492
15.052,23.553
15.062,19.613
15.072,21.673
15.082,17.734
15.092,23.794
15.102,19.864
15.112,29.935
15.122,26.005
15.132,27.075
15.142,22.146
15.152,38.236
15.162,24.327
15.172,15.417
15.182,30.508
15.192,25.598
15.202,13.688
15.212,13.779
15.222,17.869
15.232,22.96
15.242,19.05
15.252,13.141
15.262,21.231
15.272,8.3216
15.282,27.412
15.292,33.503
15.302,25.593
15.312,24.683
15.322,22.774
15.332,27.864
15.342,10.955
15.352,24.045
15.362,37.136
15.372,8.2261
15.382,25.317
15.392,14.407
15.402,10.497
15.412,24.588
15.422,19.678
15.432,10.769
15.442,23.859
15.452,12.95
15.462,16.04
15.472,27.131
15.482,15.221
15.492,18.322
15.502,24.422
15.512,26.523
15.522,23.623
15.532,31.724
15.542,30.824
15.552,26.925
15.562,35.025
15.572,36.126
15.582,21.226
15.592,37.327
15.602,10.427
15.612,6.5276
15.622,18.613
15.632,25.698
15.642,33.784
15.652,20.869
15.662,30.955
15.672,25.04
15.682,23.126
15.692,19.211
15.702,27.296
15.712,37.382
15.722,22.467
15.732,23.553
15.742,30.638
15.752,27.724
15.762,32.809
15.772,17.894
15.782,14.98
15.792,31.065
15.802,23.151
15.812,38.236
15.822,21.322
15.832,27.407
15.842,16.492
15.852,29.578
15.862,20.663
15.872,21.749
15.882,16.834
15.892,14.92
15.902,36.005
15.912,29.09
15.922,20.176
15.932,32.261
15.942,24.347
15.952,19.432
15.962,23.518
15.972,22.603
15.982,29.714
15.992,36.824
16.002,32.935
16.012,16.045
16.022,41.156
16.032,21.266
16.042,41.377
16.052,34.487
16.062,47.598
16.072,35.709
16.082,34.819
16.092,46.93
16.102,19.04
16.112,23.151
16.122,32.261
16.132,50.372
16.142,25.482
16.152,31.593
16.162,30.704
16.172,25.814
16.182,34.925
16.192,10.035
16.202,24.136
16.212,32.236
16.222,20.337
16.232,25.437
16.242,13.538
16.252,21.638
16.262,21.739
16.272,10.839
16.282,13.94
16.292,36.04
16.302,26.146
16.312,16.251
16.322,11.357
16.332,20.462
16.342,26.568
16.352,10.673
16.362,20.774
16.372,26.874
16.382,20.975
16.392,22.075
16.402,37.176
16.412,14.276
16.422,13.377
16.432,23.477
16.442,18.578
16.452,16.678
16.462,16.779
16.472,18.879
16.482,15.98
16.492,18.08
16.502,23.181
16.512,28.281
16.522,21.382
16.532,19.482
16.542,12.583
16.552,21.683
16.562,36.784
16.572,14.884
16.582,12.985
16.592,27.085
16.602,11.186
16.612,30.276
16.622,11.367
16.632,19.457
16.642,15.548
16.652,10.638
16.662,16.724
16.672,7.809
16.682,32.879
16.692,23.95
16.702,34.02
16.712,14.09
16.722,38.161
16.732,10.231
16.742,18.302
16.752,17.372
16.762,16.442
16.772,24.513
16.782,11.583
16.792,20.653
16.802,12.724
16.812,26.794
16.822,28.864
16.832,8.9347
16.842,27.005
16.852,28.075
16.862,29.146
16.872,22.216
16.882,28.286
16.892,21.357
16.902,20.427
16.912,26.497
16.922,13.568
16.932,10.638
16.942,24.709
16.952,12.779
16.962,30.849
16.972,35.92
16.982,18.99
16.992,23.06
17.002,17.131
17.012,25.201
17.022,25.271
17.032,21.342
17.042,19.412
17.052,19.482
17.062,23.553
17.072,19.628
17.082,8.7035
17.092,27.769
17.102,9.8342
17.112,21.899
17.122,16.965
17.132,5.0302
17.142,18.075
17.152,25.121
17.162,18.166
17.172,13.211
17.182,15.256
17.192,9.3015
17.202,13.347
17.212,16.407
17.222,18.467
17.232,20.528
17.242,18.588
17.252,22.648
17.262,9.7085
17.272,24.769
17.282,14.829
17.292,15.889
17.302,24.95
17.312,19.01
17.322,17.07
17.332,12.131
17.342,23.191
17.352,17.251
17.362,17.312
17.372,29.372
17.382,21.432
17.392,18.492
17.402,16.553
17.412,11.613
17.422,11.673
17.432,10.734
17.442,17.794
17.452,16.854
17.462,15.915
17.472,4.9749
17.482,7.0251
17.492,10.075
17.502,15.126
17.512,18.176
17.522,13.226
17.532,18.276
17.542,13.327
17.552,24.382
17.562,17.437
17.572,13.492
17.582,13.548
17.592,12.603
17.602,15.658
17.612,20.714
17.622,13.769
17.632,14.824
17.642,16.879
17.652,16.935
17.662,14.99
17.672,22.045
17.682,9.1005
17.692,18.156
17.702,24.211
17.712,32.266
17.722,17.322
17.732,19.377
17.742,20.432
17.752,6.4874
17.762,16.543
17.772,15.598
17.782,11.653
17.792,18.709
17.802,19.764
17.812,17.819
17.822,24.874
17.832,13.93
17.842,11.985
17.852,9.0402
17.862,8.0955
17.872,12.151
17.882,21.206
17.892,10.261
17.902,8.3166
17.912,15.372
17.922,19.427
17.932,11.482
17.942,19.538
17.952,29.593
17.962,2.6482
17.972,13.678
17.982,17.709
17.992,17.739
18.002,11.769
18.013,11.799
18.023,18.829
18.033,15.859
18.043,13.889
18.053,9.9196
18.063,17.95
18.073,17.98
18.083,8.0101
18.093,19.04
18.103,17.07
18.113,15.101
18.123,7.1307
18.133,9.1608
18.143,21.191
18.153,16.221
18.163,13.251
18.173,9.2814
18.183,12.312
18.193,13.342
18.203,12.372
18.213,7.402
18.223,13.432
18.233,15.462
18.243,20.492
18.253,12.523
18.263,12.553
18.273,14.583
18.283,2.6131
18.293,16.638
18.303,13.663
18.313,10.688
18.323,4.7136
18.333,8.7387
18.343,22.764
18.353,6.7889
18.363,3.8141
18.373,9.8392
18.383,13.864
18.393,19.889
18.403,13.915
18.413,11.94
18.423,19.965
18.433,18.99
18.443,12.015
18.453,10.04
18.463,26.065
18.473,14.09
18.483,4.1156
18.493,24.141
18.503,15.166
18.513,10.191
18.523,6.2161
18.533,9.2412
18.543,12.266
18.553,7.2915
18.563,10.317
18.573,11.342
18.583,15.367
18.593,17.392
18.603,14.417
18.613,14.442
18.623,9.4673
18.633,14.492
18.643,8.5176
18.653,3.5427
18.663,9.5678
18.673,12.593
18.683,4.6181
18.693,20.643
18.703,12.668
18.713,13.693
18.723,11.719
18.733,10.744
18.743,12.769
18.753,22.794
18.763,18.819
18.773,12.844
18.783,15.869
18.793,7.8945
18.803,14.92
18.813,12.945
18.823,10.97
18.833,8.995
18.843,14.02
18.853,6.0452
18.863,14.07
18.873,12.095
18.883,4.1206
18.893,21.146
18.903,15.171
18.913,10.196
18.923,15.221
18.933,11.246
18.943,6.2714
18.953,6.2965
18.963,10.322
18.973,10.347
18.983,14.372
18.993,13.397
19.003,13.422
19.013,6.4444
19.023,7.467
19.033,11.49
19.043,10.513
19.053,3.5361
19.063,12.554
19.073,7.5729
19.083,6.5916
19.093,10.611
19.103,9.6296
19.113,13.649
19.123,14.668
19.133,13.688
19.143,11.708
19.153,3.7283
19.163,6.7486
19.173,10.769
19.183,16.79
19.193,0.81111
19.203,4.8156
19.213,14.82
19.223,5.8249
19.233,14.83
19.243,11.834
19.253,11.839
19.263,2.8439
19.273,12.849
19.283,10.854
19.293,17.859
19.303,6.8639
19.313,9.869
19.323,18.874
19.333,12.88
19.343,6.8848
19.353,15.89
19.363,6.8957
19.373,10.901
19.383,5.9068
19.393,3.9125
19.403,9.9182
19.413,9.9241
19.423,0.92994
19.433,6.9359
19.443,11.942
19.453,13.948
19.463,9.9542
19.473,7.9605
19.483,16.967
19.493,6.9733
19.503,6.9799
19.513,10.986
19.523,10.993
19.533,0
19.543,6
19.553,8
19.563,6
19.573,6
19.583,7
19.593,7
19.603,13
19.613,7
19.623,10
19.633,7
19.643,3
19.653,5
19.663,10
19.673,9
19.683,9
19.693,17
19.703,9
19.713,5
19.723,10
19.733,8
19.743,3
19.753,17
19.763,12
19.773,7
19.783,5
19.793,5
19.803,5
19.813,9
19.823,5
19.833,11
19.843,1
19.853,4
19.863,10
19.873,5
19.883,6
19.893,4
19.903,12
19.913,7
19.923,9
19.933,3
19.943,4
19.953,11
19.963,9
19.973,8
19.983,7
19.993,4
20.003,11
