kilo-Electron Volt [keV],Counts
0.100,268
0.110,116
0.120,3.5527E-15
0.130,80.214
0.140,651.38
0.150,1249.6
0.160,673.75
0.170,301.95
0.180,181.18
0.190,155.41
0.200,146.66
0.210,149.93
0.220,175.21
0.230,187.5
0.240,236.8
0.250,286.11
0.260,292.44
0.270,301.78
0.280,316.13
0.290,317.49
0.300,293.86
0.310,242.24
0.320,173.63
0.330,143.03
0.340,110.44
0.350,86.864
0.360,71.294
0.370,70.732
0.380,71.172
0.390,75.581
0.400,88.892
0.410,97.191
0.420,92.5
0.430,89.82
0.440,121.9
0.450,154.75
0.460,167.51
0.470,175.22
0.480,204.86
0.490,233.53
0.500,226.21
0.510,259.91
0.520,287.63
0.530,380.36
0.540,434.12
0.550,456.89
0.560,500.68
0.570,578.48
0.580,694.3
0.590,814.14
0.600,883.99
0.610,932.86
0.620,987.74
0.630,1288.6
0.640,1555.6
0.650,1804.5
0.660,2124.4
0.670,2574.4
0.680,2949.3
0.690,3225.3
0.700,3404.3
0.710,3240.3
0.720,3083.3
0.730,2655.4
0.740,2226.4
0.750,1773.4
0.760,1336.5
0.770,965.59
0.780,641.67
0.790,459.77
0.800,359.88
0.810,280.99
0.820,207.12
0.830,179.26
0.840,207.41
0.850,158.57
0.860,180.73
0.870,190.91
0.880,161.1
0.890,173.29
0.900,142.49
0.910,178.61
0.920,157.74
0.930,177.77
0.940,193.76
0.950,190.77
0.960,213.78
0.970,194.81
0.980,184.85
0.990,178.9
1.000,236.92
1.010,190.95
1.020,182.99
1.030,219.9
1.040,212.81
1.050,208.73
1.060,236.64
1.070,211.56
1.080,258.38
1.090,247.22
1.100,252.6
1.110,227.99
1.120,253.3
1.130,305.6
1.140,283.91
1.150,268.22
1.160,257.52
1.170,302.83
1.180,240.14
1.190,273.44
1.200,271.75
1.210,249.06
1.220,283.36
1.230,331.67
1.240,307.97
1.250,263.28
1.260,328.59
1.270,321.89
1.280,271.2
1.290,335.51
1.300,319.81
1.310,318.12
1.320,355.43
1.330,354.73
1.340,303.04
1.350,313.35
1.360,300.65
1.370,368.96
1.380,354.27
1.390,320.57
1.400,387.88
1.410,373.19
1.420,395.49
1.430,387.8
1.440,349.11
1.450,359.41
1.460,361.72
1.470,390.03
1.480,431.33
1.490,432.64
1.500,387.94
1.510,409.25
1.520,379.56
1.530,402.86
1.540,418.17
1.550,374.48
1.560,381.78
1.570,417.09
1.580,381.4
1.590,379.7
1.600,382.01
1.610,405.32
1.620,354.62
1.630,381.93
1.640,394.24
1.650,373.54
1.660,416.85
1.670,428.16
1.680,435.46
1.690,419.77
1.700,449.08
1.710,453.38
1.720,491.69
1.730,455.99
1.740,478.3
1.750,454.61
1.760,484.91
1.770,471.22
1.780,502.53
1.790,465.83
1.800,485.14
1.810,468.45
1.820,449.75
1.830,446.06
1.840,493.37
1.850,486.67
1.860,446.98
1.870,427.29
1.880,434.59
1.890,427.9
1.900,445.21
1.910,445.51
1.920,452.82
1.930,430.13
1.940,460.43
1.950,458.74
1.960,499.05
1.970,514.35
1.980,515.66
1.990,500.96
2.000,507.27
2.010,495.58
2.020,526.88
2.030,548.19
2.040,549.5
2.050,534.8
2.060,535.11
2.070,525.42
2.080,518.72
2.090,546.03
2.100,592.34
2.110,612.64
2.120,684.36
2.130,776.11
2.140,914.85
2.150,1153.6
2.160,1391.4
2.170,1777.1
2.180,2367.8
2.190,3226.6
2.200,4656.3
2.210,6631.1
2.220,9303.8
2.230,12856
2.240,17538
2.250,22877
2.260,28683
2.270,34665
2.280,40487
2.290,44951
2.300,47604
2.310,48128
2.320,46888
2.330,43176
2.340,38443
2.350,32914
2.360,26725
2.370,20767
2.380,15890
2.390,11696
2.400,8743.2
2.410,6662.1
2.420,5343
2.430,4554
2.440,4211.3
2.450,4025.6
2.460,3947.9
2.470,3723.4
2.480,3421.8
2.490,3056.2
2.500,2707.6
2.510,2288
2.520,1812.4
2.530,1318.9
2.540,990.28
2.550,708.69
2.560,509.11
2.570,346.53
2.580,205.94
2.590,161.36
2.600,92.779
2.610,57.196
2.620,38.613
2.630,33.03
2.640,42.447
2.650,46.864
2.660,29.281
2.670,39.698
2.680,35.116
2.690,20.533
2.700,26.95
2.710,30.367
2.720,36.784
2.730,54.201
2.740,46.618
2.750,38.065
2.760,59.513
2.770,30.96
2.780,27.407
2.790,63.854
2.800,54.302
2.810,36.754
2.820,50.226
2.830,33.698
2.840,23.171
2.850,35.643
2.860,42.116
2.870,53.588
2.880,72.09
2.890,79.653
2.900,89.302
2.910,88.97
2.920,82.744
2.930,70.553
2.940,71.362
2.950,54.171
2.960,74.98
2.970,115.79
2.980,93.598
2.990,78.442
3.000,87.286
3.010,94.131
3.020,82.121
3.030,58.111
3.040,80.101
3.050,77.116
3.060,75.131
3.070,78.256
3.080,72.382
3.090,67.508
3.100,49.633
3.110,46.92
3.120,59.206
3.130,70.492
3.140,82.779
3.150,75.065
3.160,58.352
3.170,64.638
3.180,46.925
3.190,40.211
3.200,48.497
3.210,51.829
3.220,69.161
3.230,64.492
3.240,52.824
3.250,70.156
3.260,55.487
3.270,33.819
3.280,26.151
3.290,34.482
3.300,56.814
3.310,67.146
3.320,72.477
3.330,67.809
3.340,54.141
3.350,47.472
3.360,53.804
3.370,75.136
3.380,80.467
3.390,70.799
3.400,62.131
3.410,47.462
3.420,46.794
3.430,59.126
3.440,78.457
3.450,89.789
3.460,67.121
3.470,52.452
3.480,52.784
3.490,52.116
3.500,53.447
3.510,46.779
3.520,59.111
3.530,82.442
3.540,64.774
3.550,61.106
3.560,74.437
3.570,58.779
3.580,58.201
3.590,57.623
3.600,52.045
3.610,47.467
3.620,53.945
3.630,84.422
3.640,82.899
3.650,61.377
3.660,58.854
3.670,56.332
3.680,62.809
3.690,62.286
3.700,53.764
3.710,61.241
3.720,57.719
3.730,48.196
3.740,57.673
3.750,61.151
3.760,62.628
3.770,61.106
3.780,45.583
3.790,59.06
3.800,67.538
3.810,91.015
3.820,95.492
3.830,67.97
3.840,62.447
3.850,64.925
3.860,77.402
3.870,70.879
3.880,66.357
3.890,72.834
3.900,65.312
3.910,58.789
3.920,87.266
3.930,82.879
3.940,80.492
3.950,77.106
3.960,84.719
3.970,76.332
3.980,67.945
3.990,76.558
4.000,64.171
4.010,44.784
4.020,65.397
4.030,87.01
4.040,82.623
4.050,50.236
4.060,73.849
4.070,69.462
4.080,85.075
4.090,98.688
4.100,84.302
4.110,79.915
4.120,72.528
4.130,78.141
4.140,70.754
4.150,82.367
4.160,93.98
4.170,77.593
4.180,69.206
4.190,77.819
4.200,59.432
4.210,54.045
4.220,91.643
4.230,70.241
4.240,63.839
4.250,54.437
4.260,82.025
4.270,78.613
4.280,53.201
4.290,75.774
4.300,91.347
4.310,85.92
4.320,77.492
4.330,70.065
4.340,56.638
4.350,65.211
4.360,95.784
4.370,78.357
4.380,78.93
4.390,85.503
4.400,63.075
4.410,74.648
4.420,89.221
4.430,78.794
4.440,106.37
4.450,96.94
4.460,99.513
4.470,114.09
4.480,97.658
4.490,106.23
4.500,125.8
4.510,110.38
4.520,101.95
4.530,113.52
4.540,114.1
4.550,138.67
4.560,133.24
4.570,111.81
4.580,113.39
4.590,122.96
4.600,125.53
4.610,126.11
4.620,170.68
4.630,139.25
4.640,126.82
4.650,152.4
4.660,141.97
4.670,121.54
4.680,105.12
4.690,104.69
4.700,110.26
4.710,101.83
4.720,92.407
4.730,73
4.740,113.56
4.750,105.13
4.760,97.688
4.770,91.342
4.780,109.99
4.790,75.648
4.800,72.296
4.810,109.92
4.820,119.55
4.830,108.18
4.840,101.81
4.850,102.44
4.860,70.065
4.870,58.663
4.880,71.201
4.890,55.739
4.900,90.256
4.910,99.774
4.920,78.291
4.930,75.809
4.940,82.327
4.950,64.844
4.960,79.362
4.970,67.879
4.980,73.397
4.990,107.91
5.000,93.432
5.010,74.95
5.020,84.467
5.030,89.985
5.040,91.503
5.050,86.02
5.060,74.538
5.070,98.055
5.080,81.573
5.090,50.09
5.100,98.528
5.110,84.965
5.120,67.402
5.130,64.839
5.140,77.276
5.150,72.714
5.160,71.151
5.170,74.588
5.180,85.025
5.190,45.462
5.200,64.854
5.210,95.246
5.220,85.638
5.230,69.03
5.240,58.422
5.250,76.814
5.260,65.216
5.270,110.62
5.280,93.035
5.290,80.558
5.300,89.08
5.310,90.608
5.320,89.136
5.330,89.663
5.340,85.226
5.350,70.824
5.360,96.422
5.370,86.02
5.380,79.618
5.390,107.22
5.400,108.81
5.410,104.41
5.420,96.01
5.430,100.64
5.440,105.27
5.450,77.894
5.460,91.523
5.470,110.15
5.480,98.779
5.490,80.407
5.500,101.04
5.510,76.663
5.520,130.29
5.530,78.92
5.540,73.548
5.550,63.176
5.560,47.884
5.570,80.513
5.580,73.141
5.590,61.769
5.600,39.397
5.610,91.97
5.620,86.543
5.630,71.116
5.640,114.69
5.650,66.261
5.660,77.834
5.670,94.407
5.680,68.98
5.690,52.553
5.700,72.126
5.710,59.698
5.720,96.271
5.730,95.844
5.740,52.417
5.750,70.99
5.760,84.563
5.770,95.136
5.780,128.71
5.790,70.281
5.800,77.854
5.810,66.427
5.820,74
5.830,81.573
5.840,61.146
5.850,77.719
5.860,95.291
5.870,76.864
5.880,80.437
5.890,114.01
5.900,74.583
5.910,30.156
5.920,81.593
5.930,95.03
5.940,91.467
5.950,69.905
5.960,79.342
5.970,82.779
5.980,85.216
5.990,59.653
6.000,57.09
6.010,106.53
6.020,118.96
6.030,90.402
6.040,115.84
6.050,111.28
6.060,68.714
6.070,107.17
6.080,94.628
6.090,79.085
6.100,88.543
6.110,108
6.120,147.46
6.130,105.91
6.140,109.37
6.150,122.83
6.160,120.29
6.170,118.74
6.180,171.2
6.190,195.66
6.200,231.12
6.210,260.57
6.220,375.03
6.230,521.49
6.240,689.94
6.250,920.4
6.260,1245.9
6.270,1843.3
6.280,2475.8
6.290,3231.2
6.300,4215.7
6.310,5252.2
6.320,6408.8
6.330,8054.3
6.340,9383.9
6.350,10723
6.360,12146
6.370,13475
6.380,14176
6.390,14571
6.400,14858
6.410,14797
6.420,14261
6.430,13445
6.440,12523
6.450,11085
6.460,9560.4
6.470,7940.9
6.480,6814.5
6.490,5388
6.500,4282.6
6.510,3237.1
6.520,2532.7
6.530,1891.2
6.540,1376.8
6.550,955.35
6.560,692.91
6.570,474.47
6.580,369.04
6.590,291.6
6.600,192.16
6.610,175.72
6.620,140.29
6.630,109.85
6.640,118.41
6.650,92.975
6.660,86.538
6.670,110.1
6.680,98.663
6.690,88.226
6.700,96.789
6.710,66.352
6.720,95.894
6.730,108.44
6.740,78.98
6.750,50.523
6.760,112.97
6.770,100.43
6.780,132.88
6.790,147.33
6.800,134.78
6.810,132.24
6.820,124.69
6.830,132.14
6.840,108.59
6.850,166.05
6.860,151.5
6.870,163.95
6.880,175.4
6.890,226.85
6.900,264.31
6.910,234.76
6.920,351.21
6.930,471.66
6.940,541.12
6.950,702.57
6.960,828.02
6.970,924.47
6.980,1123.9
6.990,1270.4
7.000,1423.8
7.010,1577.3
7.020,1768.7
7.030,1872.2
7.040,1919.6
7.050,2035.1
7.060,2106.5
7.070,1957
7.080,1794.5
7.090,1771.9
7.100,1654.4
7.110,1429.8
7.120,1245.3
7.130,1060.8
7.140,919.24
7.150,805.7
7.160,565.17
7.170,500.64
7.180,357.11
7.190,286.57
7.200,207.04
7.210,153.51
7.220,132.01
7.230,112.51
7.240,71.015
7.250,81.508
7.260,69
7.270,48.477
7.280,69.849
7.290,48.221
7.300,55.588
7.310,56.955
7.320,42.322
7.330,35.653
7.340,55.95
7.350,41.246
7.360,53.543
7.370,60.839
7.380,67.136
7.390,58.432
7.400,64.729
7.410,32.025
7.420,62.291
7.430,66.558
7.440,53.824
7.450,98.09
7.460,73.357
7.470,80.623
7.480,41.889
7.490,64.156
7.500,71.422
7.510,71.688
7.520,72.955
7.530,58.221
7.540,17.487
7.550,53.663
7.560,58.93
7.570,32.196
7.580,47.462
7.590,36.729
7.600,34.995
7.610,42.261
7.620,43.528
7.630,22.794
7.640,51.06
7.650,69.327
7.660,62.593
7.670,36.859
7.680,66.126
7.690,27.392
7.700,58.658
7.710,44.925
7.720,74.191
7.730,41.457
7.740,48.724
7.750,57.99
7.760,76.256
7.770,68.523
7.780,43.789
7.790,85.055
7.800,47.322
7.810,47.588
7.820,36.854
7.830,61.121
7.840,44.387
7.850,35.653
7.860,56.92
7.870,51.186
7.880,48.452
7.890,46.719
7.900,43.985
7.910,46.251
7.920,57.518
7.930,36.784
7.940,28.05
7.950,33.317
7.960,42.583
7.970,55.849
7.980,49.116
7.990,61.382
8.000,43.648
8.010,63.915
8.020,33.181
8.030,47.447
8.040,39.714
8.050,26.98
8.060,47.226
8.070,57.472
8.080,37.719
8.090,48.965
8.100,39.211
8.110,61.457
8.120,64.704
8.130,43.95
8.140,54.196
8.150,32.442
8.160,41.688
8.170,47.935
8.180,59.181
8.190,51.427
8.200,46.673
8.210,31.01
8.220,57.347
8.230,33.683
8.240,59.02
8.250,44.357
8.260,85.693
8.270,61.03
8.280,43.367
8.290,16.704
8.300,39.955
8.310,58.206
8.320,56.457
8.330,45.709
8.340,37.96
8.350,58.211
8.360,50.462
8.370,77.714
8.380,61.965
8.390,57.216
8.400,55.467
8.410,57.719
8.420,18.97
8.430,43.216
8.440,51.462
8.450,51.709
8.460,57.955
8.470,89.201
8.480,43.447
8.490,46.693
8.500,59.94
8.510,39.186
8.520,18.432
8.530,50.663
8.540,55.894
8.550,56.126
8.560,42.357
8.570,44.588
8.580,76.819
8.590,62.05
8.600,64.281
8.610,85.513
8.620,68.744
8.630,67.975
8.640,82.206
8.650,90.437
8.660,98.668
8.670,76.899
8.680,81.131
8.690,59.362
8.700,79.593
8.710,103.82
8.720,92.055
8.730,79.286
8.740,103.52
8.750,83.749
8.760,95.98
8.770,61.211
8.780,79.442
8.790,72.673
8.800,81.905
8.810,36.136
8.820,66.367
8.830,64.598
8.840,63.829
8.850,59.06
8.860,54.291
8.870,45.523
8.880,49.754
8.890,40.985
8.900,79.216
8.910,42.447
8.920,70.678
8.930,53.91
8.940,36.141
8.950,69.372
8.960,43.603
8.970,59.834
8.980,56.065
8.990,43.296
9.000,30.528
9.010,54.774
9.020,38.02
9.030,48.266
9.040,57.513
9.050,36.759
9.060,29.005
9.070,52.241
9.080,52.477
9.090,45.714
9.100,52.95
9.110,42.186
9.120,29.422
9.130,45.653
9.140,31.894
9.150,54.136
9.160,55.377
9.170,63.618
9.180,56.859
9.190,66.101
9.200,24.342
9.210,57.548
9.220,54.754
9.230,63.96
9.240,51.166
9.250,58.372
9.260,45.578
9.270,37.784
9.280,47.99
9.290,64.196
9.300,42.402
9.310,49.608
9.320,35.814
9.330,40.02
9.340,51.226
9.350,38.432
9.360,46.638
9.370,52.844
9.380,50.05
9.390,63.256
9.400,59.462
9.410,59.668
9.420,47.874
9.430,69.08
9.440,38.286
9.450,44.492
9.460,32.698
9.470,55.905
9.480,47.111
9.490,56.317
9.500,54.523
9.510,42.729
9.520,52.935
9.530,47.141
9.540,13.347
9.550,62.462
9.560,47.583
9.570,27.704
9.580,31.824
9.590,51.945
9.600,39.065
9.610,37.186
9.620,32.307
9.630,51.427
9.640,27.548
9.650,31.668
9.660,29.789
9.670,29.91
9.680,57.03
9.690,61.151
9.700,38.271
9.710,38.392
9.720,38.523
9.730,50.653
9.740,65.784
9.750,52.915
9.760,38.045
9.770,53.176
9.780,71.307
9.790,25.437
9.800,38.568
9.810,47.698
9.820,41.829
9.830,44.96
9.840,31.09
9.850,61.221
9.860,44.352
9.870,32.482
9.880,48.613
9.890,28.744
9.900,40.874
9.910,65.005
9.920,32.136
9.930,49.302
9.940,40.467
9.950,41.633
9.960,51.799
9.970,43.965
9.980,56.131
9.990,57.296
10.000,47.462
10.010,47.628
10.020,30.824
10.030,30.02
10.040,47.216
10.050,38.412
10.060,37.608
10.070,41.804
10.080,45
10.090,26.196
10.100,43.392
10.110,44.588
10.120,51.784
10.130,40.98
10.140,46.176
10.150,27.372
10.160,33.568
10.170,32.764
10.180,37.96
10.190,5.1558
10.200,56.261
10.210,42.367
10.220,16.472
10.230,65.578
10.240,39.683
10.250,47.789
10.260,43.894
10.270,22.015
10.280,39.151
10.290,50.286
10.300,52.422
10.310,56.558
10.320,41.693
10.330,43.829
10.340,51.965
10.350,22.101
10.360,43.236
10.370,44.372
10.380,29.508
10.390,45.643
10.400,17.779
10.410,34.915
10.420,50.05
10.430,47.186
10.440,59.322
10.450,39.457
10.460,30.593
10.470,52.729
10.480,36.864
10.490,39
10.500,39.136
10.510,24.271
10.520,30.407
10.530,46.543
10.540,26.678
10.550,53.814
10.560,41.95
10.570,39.085
10.580,32.221
10.590,20.357
10.600,39.492
10.610,35.628
10.620,39.764
10.630,30.899
10.640,37.035
10.650,25.171
10.660,47.307
10.670,34.442
10.680,42.578
10.690,43.714
10.700,38.849
10.710,31.985
10.720,32.121
10.730,51.256
10.740,41.392
10.750,35.528
10.760,26.663
10.770,53.799
10.780,41.935
10.790,45.07
10.800,39.206
10.810,52.342
10.820,23.477
10.830,29.613
10.840,37.749
10.850,41.884
10.860,46.02
10.870,48.156
10.880,45.291
10.890,36.447
10.900,51.603
10.910,46.759
10.920,47.915
10.930,42.07
10.940,29.226
10.950,48.382
10.960,27.538
10.970,31.693
10.980,39.849
10.990,13.005
11.000,25.146
11.010,27.286
11.020,35.427
11.030,21.568
11.040,40.709
11.050,41.849
11.060,52.99
11.070,22.131
11.080,27.271
11.090,38.412
11.100,26.553
11.110,40.724
11.120,12.894
11.130,50.055
11.140,46.216
11.150,47.377
11.160,23.538
11.170,14.698
11.180,44.859
11.190,14.02
11.200,45.181
11.210,32.342
11.220,34.508
11.230,34.673
11.240,27.839
11.250,41.005
11.260,44.171
11.270,32.337
11.280,32.503
11.290,27.668
11.300,45.834
11.310,59
11.320,27.166
11.330,45.332
11.340,33.497
11.350,36.663
11.360,47.829
11.370,31.995
11.380,67.161
11.390,50.327
11.400,25.492
11.410,19.658
11.420,26.824
11.430,31.99
11.440,38.156
11.450,51.322
11.460,38.487
11.470,31.653
11.480,44.819
11.490,34.985
11.500,35.151
11.510,31.327
11.520,31.503
11.530,31.678
11.540,18.854
11.550,31.025
11.560,38.196
11.570,43.367
11.580,31.538
11.590,38.709
11.600,31.879
11.610,26.05
11.620,37.221
11.630,33.392
11.640,41.563
11.650,38.734
11.660,35.905
11.670,33.075
11.680,24.246
11.690,36.417
11.700,19.588
11.710,40.749
11.720,54.91
11.730,33.07
11.740,38.231
11.750,33.392
11.760,25.553
11.770,23.714
11.780,28.874
11.790,34.035
11.800,39.196
11.810,26.357
11.820,34.518
11.830,32.678
11.840,42.839
11.850,38
11.860,28.161
11.870,36.322
11.880,30.482
11.890,34.643
11.900,42.804
11.910,15.965
11.920,32.09
11.930,33.226
11.940,45.362
11.950,33.497
11.960,27.633
11.970,23.769
11.980,37.905
11.990,36.05
12.000,11.196
12.010,27.312
12.020,33.427
12.030,36.543
12.040,29.658
12.050,33.774
12.060,27.889
12.070,49.005
12.080,32.121
12.090,21.236
12.100,28.352
12.110,36.467
12.120,25.583
12.130,39.698
12.140,35.854
12.150,39.01
12.160,51.166
12.170,31.322
12.180,27.477
12.190,29.633
12.200,27.789
12.210,35.945
12.220,40.101
12.230,34.256
12.240,31.412
12.250,11.568
12.260,8.7085
12.270,28.834
12.280,29.96
12.290,25.085
12.300,23.211
12.310,30.337
12.320,21.462
12.330,36.588
12.340,41.714
12.350,26.839
12.360,37.965
12.370,31.09
12.380,39.216
12.390,35.342
12.400,30.467
12.410,36.593
12.420,40.719
12.430,27.844
12.440,15.97
12.450,39.095
12.460,39.221
12.470,29.347
12.480,42.472
12.490,32.598
12.500,35.724
12.510,33.849
12.520,36.975
12.530,35.101
12.540,25.226
12.550,40.352
12.560,36.477
12.570,26.603
12.580,33.729
12.590,43.854
12.600,34.98
12.610,40.106
12.620,17.231
12.630,28.357
12.640,33.482
12.650,30.608
12.660,24.734
12.670,22.859
12.680,36.985
12.690,39.111
12.700,42.236
12.710,19.362
12.720,27.487
12.730,30.613
12.740,22.739
12.750,23.864
12.760,27.99
12.770,47.116
12.780,40.241
12.790,35.367
12.800,44.492
12.810,27.618
12.820,37.744
12.830,33.869
12.840,29.995
12.850,28.121
12.860,43.246
12.870,12.372
12.880,34.477
12.890,30.583
12.900,28.709
12.910,30.834
12.920,32.96
12.930,24.085
12.940,22.211
12.950,27.337
12.960,35.462
12.970,29.588
12.980,20.714
12.990,26.839
13.000,25.965
13.010,19.09
13.020,32.216
13.030,32.342
13.040,36.467
13.050,17.593
13.060,29.719
13.070,33.844
13.080,14.97
13.090,9.0955
13.100,20.191
13.110,39.286
13.120,25.382
13.130,46.477
13.140,21.573
13.150,30.668
13.160,33.764
13.170,36.859
13.180,20.955
13.190,44.05
13.200,9.1457
13.210,33.236
13.220,33.327
13.230,10.417
13.240,16.508
13.250,32.598
13.260,21.688
13.270,29.779
13.280,32.869
13.290,36.96
13.300,23.06
13.310,40.161
13.320,30.261
13.330,28.362
13.340,34.462
13.350,22.588
13.360,29.714
13.370,36.839
13.380,21.965
13.390,24.09
13.400,20.216
13.410,18.342
13.420,38.467
13.430,32.593
13.440,24.719
13.450,30.844
13.460,26.97
13.470,24.095
13.480,23.221
13.490,10.347
13.500,18.462
13.510,30.578
13.520,30.693
13.530,23.809
13.540,22.925
13.550,32.04
13.560,22.156
13.570,23.271
13.580,23.387
13.590,24.503
13.600,22.618
13.610,19.734
13.620,41.849
13.630,28.965
13.640,21.08
13.650,26.196
13.660,21.312
13.670,25.427
13.680,28.543
13.690,34.658
13.700,27.774
13.710,20.889
13.720,27.005
13.730,30.121
13.740,38.236
13.750,28.352
13.760,36.467
13.770,28.583
13.780,30.698
13.790,28.814
13.800,44.93
13.810,21.045
13.820,19.161
13.830,35.276
13.840,28.392
13.850,18.508
13.860,17.623
13.870,25.739
13.880,39.854
13.890,32.97
13.900,31.085
13.910,13.201
13.920,30.307
13.930,22.412
13.940,34.518
13.950,27.623
13.960,23.729
13.970,11.834
13.980,25.93
13.990,22.025
14.000,37.121
14.010,23.216
14.020,24.312
14.030,18.407
14.040,29.503
14.050,26.598
14.060,39.693
14.070,30.789
14.080,20.884
14.090,38.98
14.100,18.075
14.110,21.171
14.120,5.2663
14.130,22.322
14.140,25.377
14.150,26.432
14.160,25.487
14.170,24.543
14.180,35.598
14.190,21.663
14.200,32.729
14.210,14.794
14.220,31.859
14.230,30.925
14.240,29.99
14.250,24.055
14.260,39.121
14.270,34.186
14.280,23.251
14.290,27.317
14.300,20.382
14.310,11.447
14.320,20.513
14.330,23.578
14.340,10.643
14.350,29.714
14.360,21.784
14.370,37.859
14.380,28.935
14.390,18.01
14.400,17.085
14.410,27.161
14.420,24.236
14.430,35.312
14.440,23.387
14.450,20.462
14.460,25.538
14.470,21.613
14.480,30.688
14.490,29.764
14.500,25.839
14.510,23.915
14.520,22.99
14.530,19.065
14.540,15.141
14.550,23.216
14.560,21.291
14.570,10.367
14.580,9.4422
14.590,23.518
14.600,29.593
14.610,30.668
14.620,18.769
14.630,23.869
14.640,30.97
14.650,36.07
14.660,31.171
14.670,28.271
14.680,24.372
14.690,22.472
14.700,17.573
14.710,20.673
14.720,28.774
14.730,18.874
14.740,19.975
14.750,26.075
14.760,32.176
14.770,36.276
14.780,27.377
14.790,29.477
14.800,23.578
14.810,22.678
14.820,16.779
14.830,23.879
14.840,21.98
14.850,16.08
14.860,17.181
14.870,23.281
14.880,7.3819
14.890,32.462
14.900,26.543
14.910,19.623
14.920,17.704
14.930,24.784
14.940,14.864
14.950,12.945
14.960,21.025
14.970,35.106
14.980,28.186
14.990,16.266
15.000,30.347
15.010,25.427
15.020,25.508
15.030,36.588
15.040,20.668
15.050,29.749
15.060,24.829
15.070,21.91
15.080,17.99
15.090,24.07
15.100,18.151
15.110,15.231
15.120,18.312
15.130,23.392
15.140,18.472
15.150,13.553
15.160,11.633
15.170,19.714
15.180,15.794
15.190,15.874
15.200,19.955
15.210,17.035
15.220,18.116
15.230,17.196
15.240,34.276
15.250,22.357
15.260,13.437
15.270,20.518
15.280,8.598
15.290,26.668
15.300,22.739
15.310,25.809
15.320,23.879
15.330,3.9497
15.340,26.995
15.350,18.04
15.360,18.085
15.370,13.131
15.380,15.176
15.390,14.221
15.400,18.266
15.410,22.312
15.420,28.357
15.430,13.402
15.440,12.447
15.450,18.492
15.460,32.538
15.470,31.583
15.480,37.628
15.490,15.673
15.500,26.719
15.510,22.764
15.520,8.809
15.530,14.854
15.540,12.899
15.550,12.945
15.560,21.99
15.570,26.035
15.580,33.08
15.590,16.126
15.600,20.171
15.610,23.216
15.620,26.261
15.630,19.307
15.640,14.362
15.650,19.417
15.660,17.472
15.670,23.528
15.680,25.583
15.690,19.638
15.700,32.693
15.710,13.749
15.720,16.804
15.730,27.859
15.740,25.915
15.750,18.97
15.760,14.025
15.770,13.08
15.780,22.136
15.790,15.191
15.800,24.246
15.810,20.302
15.820,20.357
15.830,18.412
15.840,8.4673
15.850,23.523
15.860,15.578
15.870,15.633
15.880,11.688
15.890,10.744
15.900,21.799
15.910,16.854
15.920,28.91
15.930,17.965
15.940,24.02
15.950,24.075
15.960,19.131
15.970,24.186
15.980,28.241
15.990,22.296
16.000,26.357
16.010,15.417
16.020,12.477
16.030,28.538
16.040,18.598
16.050,23.658
16.060,13.719
16.070,22.779
16.080,18.839
16.090,19.899
16.100,14.96
16.110,24.02
16.120,9.0804
16.130,13.141
16.140,21.201
16.150,10.261
16.160,13.322
16.170,6.3819
16.180,8.4322
16.190,8.4824
16.200,19.533
16.210,9.5829
16.220,15.648
16.230,16.714
16.240,22.779
16.250,6.8442
16.260,14.91
16.270,15.975
16.280,17.04
16.290,11.106
16.300,10.171
16.310,12.236
16.320,15.302
16.330,6.3668
16.340,22.427
16.350,5.4874
16.360,16.543
16.370,9.598
16.380,14.653
16.390,15.709
16.400,8.7638
16.410,18.819
16.420,22.874
16.430,17.93
16.440,10.985
16.450,19.04
16.460,21.095
16.470,20.151
16.480,14.206
16.490,15.261
16.500,17.317
16.510,22.372
16.520,12.427
16.530,20.482
16.540,15.538
16.550,20.593
16.560,23.648
16.570,18.704
16.580,23.759
16.590,16.814
16.600,1.8693
16.610,23.899
16.620,16.93
16.630,16.96
16.640,15.99
16.650,24.02
16.660,16.05
16.670,13.08
16.680,9.1106
16.690,13.141
16.700,19.171
16.710,17.201
16.720,9.2312
16.730,21.261
16.740,13.291
16.750,17.322
16.760,14.352
16.770,16.397
16.780,16.442
16.790,22.487
16.800,15.533
16.810,7.5779
16.820,18.623
16.830,12.668
16.840,10.714
16.850,13.759
16.860,5.804
16.870,15.849
16.880,14.894
16.890,8.9397
16.900,19.985
16.910,9.0302
16.920,12.075
16.930,13.121
16.940,19.166
16.950,12.211
16.960,13.256
16.970,14.302
16.980,22.347
16.990,9.392
17.000,16.437
17.010,14.482
17.020,12.528
17.030,14.573
17.040,16.618
17.050,23.663
17.060,15.709
17.070,16.754
17.080,12.799
17.090,15.844
17.100,20.889
17.110,8.9347
17.120,8.9799
17.130,15.025
17.140,14.07
17.150,15.116
17.160,10.161
17.170,15.206
17.180,17.251
17.190,17.296
17.200,11.342
17.210,5.3869
17.220,11.432
17.230,11.477
17.240,16.523
17.250,7.5678
17.260,20.613
17.270,13.658
17.280,10.704
17.290,12.749
17.300,13.794
17.310,19.839
17.320,17.884
17.330,18.93
17.340,16.975
17.350,13.02
17.360,16.065
17.370,15.111
17.380,22.156
17.390,13.201
17.400,9.2462
17.410,11.291
17.420,14.337
17.430,9.3819
17.440,14.427
17.450,19.472
17.460,17.518
17.470,18.563
17.480,9.608
17.490,18.653
17.500,13.698
17.510,8.7437
17.520,18.789
17.530,17.834
17.540,13.879
17.550,17.925
17.560,8.9698
17.570,17.015
17.580,19.06
17.590,12.106
17.600,15.151
17.610,13.196
17.620,4.2412
17.630,11.276
17.640,12.312
17.650,8.3467
17.660,23.382
17.670,17.417
17.680,12.452
17.690,21.487
17.700,16.523
17.710,13.558
17.720,16.593
17.730,9.6281
17.740,15.663
17.750,14.698
17.760,12.734
17.770,9.7688
17.780,18.804
17.790,11.839
17.800,7.8744
17.810,8.9095
17.820,15.945
17.830,14.98
17.840,18.015
17.850,11.05
17.860,10.085
17.870,22.121
17.880,10.156
17.890,10.191
17.900,11.226
17.910,15.261
17.920,12.296
17.930,17.332
17.940,8.3668
17.950,17.402
17.960,7.4372
17.970,7.4724
17.980,4.5075
17.990,8.5377
18.000,12.568
18.010,10.598
18.020,12.628
18.030,6.6583
18.040,10.688
18.050,11.719
18.060,21.749
18.070,18.779
18.080,20.809
18.090,12.839
18.100,14.869
18.110,18.899
18.120,8.9296
18.130,20.96
18.140,13.99
18.150,12.02
18.160,14.05
18.170,24.08
18.180,11.111
18.190,12.141
18.200,2.1709
18.210,16.186
18.220,12.201
18.230,13.216
18.240,12.231
18.250,11.246
18.260,15.261
18.270,9.2764
18.280,16.291
18.290,10.307
18.300,7.3216
18.310,10.337
18.320,11.352
18.330,13.367
18.340,12.382
18.350,8.397
18.360,9.4121
18.370,8.4271
18.380,10.442
18.390,14.457
18.400,7.4724
18.410,11.487
18.420,10.503
18.430,13.518
18.440,14.533
18.450,13.548
18.460,7.5628
18.470,14.578
18.480,7.593
18.490,8.608
18.500,7.6231
18.510,9.6382
18.520,10.653
18.530,12.668
18.540,12.683
18.550,8.6985
18.560,9.7136
18.570,8.7286
18.580,16.744
18.590,2.7588
18.600,8.7739
18.610,8.7889
18.620,6.804
18.630,12.819
18.640,11.834
18.650,10.849
18.660,6.8643
18.670,13.879
18.680,12.894
18.690,12.91
18.700,10.925
18.710,16.94
18.720,7.9548
18.730,8.9698
18.740,11.985
18.750,0
18.760,7.9849
18.770,18.97
18.780,10.955
18.790,8.9397
18.800,6.9246
18.810,4.9095
18.820,7.8945
18.830,12.879
18.840,6.8643
18.850,12.849
18.860,10.834
18.870,8.8191
18.880,7.804
18.890,14.789
18.900,15.774
18.910,6.7588
18.920,7.7437
18.930,10.729
18.940,12.714
18.950,16.698
18.960,14.683
18.970,8.6683
18.980,8.6533
18.990,3.6382
19.000,5.6231
19.010,8.6212
19.020,14.619
19.030,7.6173
19.040,17.615
19.050,10.613
19.060,4.6114
19.070,11.609
19.080,13.607
19.090,6.6053
19.100,7.6032
19.110,7.6011
19.120,5.5989
19.130,8.5968
19.140,8.5946
19.150,5.5924
19.160,7.5902
19.170,9.5879
19.180,10.586
19.190,12.583
19.200,12.581
19.210,7.5787
19.220,10.576
19.230,4.5739
19.240,16.571
19.250,10.569
19.260,10.566
19.270,9.564
19.280,6.5614
19.290,7.5588
19.300,7.5562
19.310,9.5536
19.320,5.5509
19.330,5.5482
19.340,2.5455
19.350,4.5427
19.360,9.5399
19.370,4.537
19.380,6.5342
19.390,6.5313
19.400,7.5283
19.410,14.525
19.420,4.5223
19.430,2.5192
19.440,6.5161
19.450,4.513
19.460,5.5098
19.470,7.5066
19.480,3.5033
19.490,8.5
19.500,5.4966
19.510,14.493
19.520,6.4898
19.530,7.4863
19.540,13.483
19.550,5.4792
19.560,12.476
19.570,8.4718
19.580,9.4681
19.590,15.464
19.600,11.46
19.610,7.4565
19.620,4.4526
19.630,11.449
19.640,6.4444
19.650,4.4403
19.660,13.436
19.670,6.4318
19.680,5.4275
19.690,7.4231
19.700,11.419
19.710,7.4141
19.720,11.409
19.730,2.4048
19.740,6.4
19.750,5.3952
19.760,4.3902
19.770,6.3852
19.780,10.38
19.790,8.375
19.800,10.37
19.810,5.3644
19.820,6.359
19.830,6.3534
19.840,6.3478
19.850,2.3421
19.860,8.3363
19.870,9.3304
19.880,4.3243
19.890,3.3182
19.900,6.3119
19.910,3.3056
19.920,10.299
19.930,9.2925
19.940,2.2857
19.950,5.2788
19.960,4.2718
19.970,2.2647
19.980,3.2574
19.990,6.25
20.000,6.2424
