kilo-Electron Volt [keV],Counts
0.100,210
0.110,47
0.120,-1.7764E-15
0.130,32.68
0.140,573.92
0.150,1104.2
0.160,470.45
0.170,184.74
0.180,94.037
0.190,74.349
0.200,80.609
0.210,117.8
0.220,165.01
0.230,250.23
0.240,335.46
0.250,366.71
0.260,418.97
0.270,481.25
0.280,503.53
0.290,461.83
0.300,383.14
0.310,312.46
0.320,261.8
0.330,198.14
0.340,146.49
0.350,95.856
0.360,82.23
0.370,77.614
0.380,98.836
0.390,146.69
0.400,219.48
0.410,272.3
0.420,454.13
0.430,707.98
0.440,1103.8
0.450,1842.7
0.460,2773.6
0.470,3925.5
0.480,5418.5
0.490,6871.4
0.500,8302.4
0.510,9345.4
0.520,9747.3
0.530,9486.3
0.540,8539.4
0.550,7314.4
0.560,5713.4
0.570,4215.5
0.580,2895.6
0.590,1764.7
0.600,1132.8
0.610,675.86
0.620,420.98
0.630,232.11
0.640,172.25
0.650,159.41
0.660,138.57
0.670,128.75
0.680,137.9
0.690,154.06
0.700,148.24
0.710,181.42
0.720,164.62
0.730,182.82
0.740,162.04
0.750,169.26
0.760,179.49
0.770,128.74
0.780,140.99
0.790,140.25
0.800,152.52
0.810,164.8
0.820,150.08
0.830,176.38
0.840,170.68
0.850,162.99
0.860,252.31
0.870,225.63
0.880,241.97
0.890,213.31
0.900,250.66
0.910,232.01
0.920,245.37
0.930,256.74
0.940,250.12
0.950,260.5
0.960,266.89
0.970,301.29
0.980,323.69
0.990,329.1
1.000,325.52
1.010,337.94
1.020,349.36
1.030,375.8
1.040,424.24
1.050,464.68
1.060,524.13
1.070,519.59
1.080,531.05
1.090,650.52
1.100,697.61
1.110,777.7
1.120,895.79
1.130,1209.9
1.140,1763
1.150,2510.1
1.160,3742.2
1.170,6017.2
1.180,9184.3
1.190,13747
1.200,19374
1.210,25937
1.220,33069
1.230,39611
1.240,45230
1.250,48099
1.260,48322
1.270,46062
1.280,40991
1.290,35104
1.300,27505
1.310,21201
1.320,14989
1.330,10230
1.340,6673.8
1.350,3942.9
1.360,2327
1.370,1272.1
1.380,777.14
1.390,378.23
1.400,226.32
1.410,153.41
1.420,105.5
1.430,99.593
1.440,95.683
1.450,101.77
1.460,81.864
1.470,85.955
1.480,95.045
1.490,114.14
1.500,91.226
1.510,125.32
1.520,125.41
1.530,105.5
1.540,109.59
1.550,101.68
1.560,62.769
1.570,97.769
1.580,78.769
1.590,98.734
1.600,93.698
1.610,91.663
1.620,81.628
1.630,112.58
1.640,116.53
1.650,102.48
1.660,80.427
1.670,135.38
1.680,134.33
1.690,143.28
1.700,184.23
1.710,159.18
1.720,210.13
1.730,188.08
1.740,194.03
1.750,163.97
1.760,185.92
1.770,187.87
1.780,182.82
1.790,184.77
1.800,133.72
1.810,141.67
1.820,113.62
1.830,118.57
1.840,113.52
1.850,104.47
1.860,95.422
1.870,58.372
1.880,68.271
1.890,81.171
1.900,73.07
1.910,77.97
1.920,83.874
1.930,70.779
1.940,75.683
1.950,89.588
1.960,84.492
1.970,90.397
1.980,82.302
1.990,85.206
2.000,86.111
2.010,94.015
2.020,88.92
2.030,100.82
2.040,87.729
2.050,89.633
2.060,82.538
2.070,69.442
2.080,79.347
2.090,60.286
2.100,70.241
2.110,93.241
2.120,88.407
2.130,96.804
2.140,77.201
2.150,84.598
2.160,102
2.170,92.412
2.180,78.824
2.190,59.271
2.200,66.764
2.210,74.256
2.220,96.749
2.230,67.241
2.240,79.734
2.250,73.226
2.260,80.719
2.270,96.211
2.280,107.7
2.290,99.196
2.300,89.688
2.310,104.18
2.320,111.67
2.330,106.17
2.340,80.658
2.350,82.151
2.360,97.678
2.370,102.32
2.380,114.2
2.390,106.14
2.400,107.07
2.410,117.01
2.420,99.94
2.430,104.87
2.440,109.81
2.450,116.74
2.460,146.68
2.470,162.62
2.480,159.56
2.490,135.52
2.500,149.48
2.510,163.44
2.520,157.4
2.530,168.36
2.540,173.32
2.550,148.28
2.560,133.25
2.570,144.21
2.580,150.18
2.590,122.14
2.600,115.14
2.610,108.15
2.620,105.16
2.630,125.19
2.640,124.21
2.650,109.24
2.660,115.26
2.670,131.31
2.680,128.36
2.690,125.41
2.700,101.46
2.710,98.513
2.720,98.563
2.730,104.61
2.740,102.73
2.750,105.84
2.760,110.96
2.770,91.075
2.780,98.191
2.790,122.31
2.800,106.42
2.810,102.54
2.820,123.65
2.830,123.77
2.840,112.88
2.850,118
2.860,147.12
2.870,157.23
2.880,167.35
2.890,234.46
2.900,257.58
2.910,300.69
2.920,406.81
2.930,492.92
2.940,578.04
2.950,661.16
2.960,749.27
2.970,811.39
2.980,852.5
2.990,838.62
3.000,784.73
3.010,757.85
3.020,699.96
3.030,609.08
3.040,529.2
3.050,457.31
3.060,404.43
3.070,359.54
3.080,330.66
3.090,320.77
3.100,324.98
3.110,323.2
3.120,331.41
3.130,375.63
3.140,406.84
3.150,417.06
3.160,411.28
3.170,412.49
3.180,379.71
3.190,340.92
3.200,315.14
3.210,287.36
3.220,264.57
3.230,232.79
3.240,226.01
3.250,210.22
3.260,190.44
3.270,193.65
3.280,175.87
3.290,165.09
3.300,175.3
3.310,188.52
3.320,164.73
3.330,146.95
3.340,142.17
3.350,152.38
3.360,165.6
3.370,138.81
3.380,111.03
3.390,123.25
3.400,149.46
3.410,135.68
3.420,130.89
3.430,114.11
3.440,108.33
3.450,105.54
3.460,85.759
3.470,96.975
3.480,85.191
3.490,56.407
3.500,67.623
3.510,81.839
3.520,83.055
3.530,88.271
3.540,91.487
3.550,84.704
3.560,89.01
3.570,91.317
3.580,99.658
3.590,117
3.600,136.35
3.610,146.69
3.620,141.06
3.630,162.44
3.640,166.83
3.650,196.22
3.660,261.6
3.670,275.99
3.680,268.38
3.690,282.77
3.700,300.17
3.710,280.57
3.720,238.96
3.730,211.36
3.740,188.76
3.750,172.16
3.760,151.56
3.770,144.96
3.780,118.38
3.790,89.794
3.800,88.211
3.810,87.628
3.820,80.045
3.830,73.462
3.840,52.879
3.850,64.296
3.860,60.714
3.870,55.181
3.880,69.653
3.890,55.126
3.900,54.598
3.910,69.065
3.920,81.533
3.930,78
3.940,64.467
3.950,62.935
3.960,74.402
3.970,71.869
3.980,81.337
3.990,83.804
4.000,84.271
4.010,81.739
4.020,70.206
4.030,76.714
4.040,80.221
4.050,69.729
4.060,64.236
4.070,55.799
4.080,53.327
4.090,44.839
4.100,64.307
4.110,72.774
4.120,62.241
4.130,57.709
4.140,46.176
4.150,44.709
4.160,61.231
4.170,72.754
4.180,59.276
4.190,58.799
4.200,62.322
4.210,51.844
4.220,57.367
4.230,62.889
4.240,60.412
4.250,67.935
4.260,66.457
4.270,57.98
4.280,71.503
4.290,74.025
4.300,64.548
4.310,63.07
4.320,67.593
4.330,73.116
4.340,47.638
4.350,55.126
4.360,53.613
4.370,69.101
4.380,55.588
4.390,63.075
4.400,56.563
4.410,58.05
4.420,61.538
4.430,77.025
4.440,51.513
4.450,57.995
4.460,54.477
4.470,48.96
4.480,50.422
4.490,53.884
4.500,68.347
4.510,81.809
4.520,74.271
4.530,62.734
4.540,51.196
4.550,75.653
4.560,62.111
4.570,62.568
4.580,46.025
4.590,44.447
4.600,55.859
4.610,42.271
4.620,57.668
4.630,45.065
4.640,69.462
4.650,72.859
4.660,50.256
4.670,62.653
4.680,46.05
4.690,53.447
4.700,50.844
4.710,53.241
4.720,33.638
4.730,46
4.740,58.362
4.750,49.724
4.760,60.085
4.770,58.447
4.780,61.809
4.790,60.171
4.800,48.533
4.810,39.894
4.820,43.256
4.830,54.618
4.840,55.98
4.850,64.352
4.860,69.724
4.870,66.095
4.880,56.467
4.890,71.839
4.900,62.211
4.910,44.583
4.920,61.955
4.930,51.327
4.940,66.698
4.950,75.07
4.960,53.442
4.970,45.814
4.980,45.186
4.990,56.558
5.000,72.93
5.010,64.302
5.020,53.673
5.030,59.045
5.040,49.417
5.050,54.789
5.060,58.161
5.070,68.533
5.080,28.905
5.090,27.186
5.100,42.457
5.110,35.729
5.120,44
5.130,36.271
5.140,33.543
5.150,57.814
5.160,35.085
5.170,39.357
5.180,31.628
5.190,40.899
5.200,41.171
5.210,35.442
5.220,46.724
5.230,33.005
5.240,50.286
5.250,56.568
5.260,52.849
5.270,60.131
5.280,56.412
5.290,51.693
5.300,56.975
5.310,60.256
5.320,69.548
5.330,84.839
5.340,110.13
5.350,125.42
5.360,99.714
5.370,82.005
5.380,106.3
5.390,133.59
5.400,117.88
5.410,129.17
5.420,136.46
5.430,104.75
5.440,141.05
5.450,120.34
5.460,108.63
5.470,81.92
5.480,65.211
5.490,74.503
5.500,66.794
5.510,69.085
5.520,51.377
5.530,55.668
5.540,43.96
5.550,55.251
5.560,40.543
5.570,74.834
5.580,40.126
5.590,54.412
5.600,52.698
5.610,35.995
5.620,46.266
5.630,46.538
5.640,36.809
5.650,46.08
5.660,49.352
5.670,35.623
5.680,47.884
5.690,55.146
5.700,43.407
5.710,52.668
5.720,38.93
5.730,40.191
5.740,36.513
5.750,41.829
5.760,34.146
5.770,37.447
5.780,61.749
5.790,35.05
5.800,42.352
5.810,51.653
5.820,47.955
5.830,51.256
5.840,62.558
5.850,54.859
5.860,36.161
5.870,47.457
5.880,59.754
5.890,54.05
5.900,55.347
5.910,53.643
5.920,63.945
5.930,70.246
5.940,51.548
5.950,61.849
5.960,69.151
5.970,46.452
5.980,47.754
5.990,58.055
6.000,45.357
6.010,32.658
6.020,35.92
6.030,56.181
6.040,41.442
6.050,22.704
6.060,55.93
6.070,53.156
6.080,47.382
6.090,46.608
6.100,55.834
6.110,25.06
6.120,51.286
6.130,10.513
6.140,46.668
6.150,24.824
6.160,35.98
6.170,27.136
6.180,40.291
6.190,45.447
6.200,26.603
6.210,54.759
6.220,41.915
6.230,52.07
6.240,40.226
6.250,45.382
6.260,58.538
6.270,50.693
6.280,56.849
6.290,65.005
6.300,90.161
6.310,148.32
6.320,125.47
6.330,159.63
6.340,194.78
6.350,192.94
6.360,192.1
6.370,227.28
6.380,236.47
6.390,270.65
6.400,275.84
6.410,214.03
6.420,239.21
6.430,221.4
6.440,219.6
6.450,170.81
6.460,165.02
6.470,157.22
6.480,121.43
6.490,138.63
6.500,79.839
6.510,70.045
6.520,86.251
6.530,49.457
6.540,44.663
6.550,68.869
6.560,39.075
6.570,40.281
6.580,43.487
6.590,35.693
6.600,34.899
6.610,33.106
6.620,31.312
6.630,26.518
6.640,38.724
6.650,47.93
6.660,35.136
6.670,40.342
6.680,31.548
6.690,58.754
6.700,25.96
6.710,15.166
6.720,37.342
6.730,52.518
6.740,23.693
6.750,32.869
6.760,19.045
6.770,40.221
6.780,37.397
6.790,44.573
6.800,33.749
6.810,25.97
6.820,58.191
6.830,15.412
6.840,38.623
6.850,43.834
6.860,42.045
6.870,53.256
6.880,44.467
6.890,47.678
6.900,40.889
6.910,47.101
6.920,37.312
6.930,44.523
6.940,41.734
6.950,47.945
6.960,34.156
6.970,33.367
6.980,47.578
6.990,57.789
7.000,44
7.010,54.211
7.020,49.422
7.030,47.633
7.040,59.844
7.050,75.055
7.060,56.266
7.070,72.477
7.080,52.688
7.090,72.899
7.100,61.111
7.110,57.322
7.120,75.533
7.130,33.744
7.140,38.955
7.150,30.166
7.160,62.377
7.170,34.588
7.180,35.799
7.190,42.01
7.200,21.221
7.210,35.422
7.220,21.623
7.230,25.824
7.240,33.025
7.250,34.226
7.260,40.427
7.270,27.628
7.280,48.829
7.290,41.03
7.300,21.231
7.310,31.422
7.320,43.613
7.330,27.804
7.340,30.995
7.350,35.186
7.360,32.377
7.370,38.568
7.380,25.759
7.390,51.95
7.400,36.141
7.410,46.332
7.420,58.523
7.430,40.714
7.440,54.905
7.450,47.095
7.460,59.286
7.470,65.477
7.480,49.668
7.490,56.859
7.500,52.05
7.510,27.241
7.520,49.432
7.530,37.623
7.540,46.814
7.550,32.005
7.560,42.196
7.570,47.387
7.580,33.578
7.590,24.769
7.600,33.95
7.610,41.131
7.620,36.312
7.630,29.492
7.640,37.673
7.650,29.854
7.660,33.035
7.670,32.216
7.680,43.397
7.690,28.583
7.700,28.769
7.710,31.955
7.720,15.141
7.730,32.271
7.740,33.402
7.750,16.558
7.760,31.714
7.770,20.869
7.780,26.025
7.790,39.181
7.800,35.337
7.810,41.492
7.820,30.648
7.830,23.804
7.840,22.96
7.850,25.116
7.860,29.271
7.870,18.427
7.880,35.583
7.890,31.739
7.900,16.894
7.910,27.045
7.920,31.196
7.930,32.347
7.940,22.497
7.950,23.648
7.960,40.799
7.970,25.95
7.980,40.111
7.990,26.271
8.000,25.432
8.010,19.593
8.020,44.754
8.030,40.915
8.040,15.075
8.050,24.216
8.060,47.357
8.070,46.497
8.080,37.638
8.090,33.779
8.100,31.92
8.110,23.06
8.120,27.201
8.130,17.342
8.140,26.482
8.150,27.623
8.160,18.764
8.170,25.905
8.180,35.045
8.190,34.186
8.200,34.327
8.210,18.467
8.220,44.608
8.230,31.749
8.240,35.889
8.250,24.03
8.260,18.246
8.270,32.462
8.280,28.678
8.290,29.894
8.300,28.111
8.310,42.327
8.320,44.543
8.330,27.759
8.340,36.975
8.350,14.191
8.360,36.377
8.370,33.563
8.380,31.749
8.390,31.935
8.400,27.121
8.410,36.307
8.420,11.492
8.430,24.658
8.440,23.824
8.450,20.99
8.460,25.156
8.470,23.322
8.480,17.487
8.490,29.653
8.500,39.819
8.510,34.985
8.520,44.151
8.530,25.317
8.540,27.482
8.550,24.648
8.560,28.814
8.570,36.98
8.580,28.146
8.590,38.312
8.600,38.477
8.610,14.643
8.620,45.809
8.630,20.975
8.640,34.141
8.650,41.307
8.660,31.472
8.670,40.638
8.680,35.804
8.690,31.97
8.700,31.136
8.710,34.302
8.720,17.467
8.730,41.633
8.740,23.799
8.750,21.965
8.760,30.131
8.770,18.296
8.780,22.462
8.790,8.6281
8.800,35.749
8.810,38.869
8.820,31.99
8.830,24.111
8.840,29.231
8.850,21.352
8.860,25.472
8.870,27.593
8.880,49.714
8.890,34.834
8.900,28.955
8.910,28.075
8.920,27.196
8.930,28.317
8.940,31.437
8.950,27.558
8.960,31.678
8.970,37.799
8.980,23.92
8.990,31.04
9.000,24.161
9.010,35.281
9.020,32.402
9.030,23.523
9.040,41.643
9.050,33.764
9.060,29.884
9.070,28.005
9.080,26.126
9.090,35.246
9.100,17.367
9.110,25.487
9.120,27.608
9.130,16.729
9.140,32.849
9.150,28.97
9.160,25.09
9.170,42.211
9.180,32.332
9.190,26.452
9.200,33.573
9.210,16.693
9.220,39.814
9.230,34.935
9.240,42.055
9.250,31.176
9.260,19.296
9.270,31.417
9.280,39.538
9.290,37.658
9.300,35.779
9.310,30.899
9.320,44.02
9.330,38.141
9.340,38.261
9.350,21.382
9.360,25.503
9.370,29.623
9.380,24.744
9.390,23.864
9.400,25.985
9.410,38.106
9.420,30.226
9.430,31.347
9.440,24.467
9.450,39.588
9.460,20.714
9.470,33.839
9.480,18.965
9.490,21.09
9.500,28.216
9.510,29.342
9.520,33.467
9.530,36.593
9.540,37.719
9.550,31.844
9.560,27.97
9.570,32.095
9.580,27.236
9.590,35.377
9.600,37.518
9.610,32.658
9.620,25.799
9.630,24.94
9.640,22.08
9.650,20.221
9.660,31.362
9.670,18.503
9.680,20.638
9.690,34.774
9.700,27.91
9.710,18.045
9.720,22.176
9.730,13.307
9.740,28.412
9.750,24.518
9.760,19.623
9.770,36.729
9.780,25.834
9.790,32.96
9.800,26.085
9.810,24.211
9.820,23.337
9.830,19.462
9.840,32.588
9.850,19.714
9.860,22.839
9.870,23.965
9.880,29.09
9.890,31.221
9.900,25.352
9.910,23.482
9.920,24.613
9.930,19.744
9.940,22.874
9.950,23.005
9.960,14.136
9.970,18.256
9.980,17.377
9.990,27.497
10.000,30.618
10.010,21.739
10.020,16.859
10.030,19.98
10.040,26.101
10.050,25.221
10.060,23.342
10.070,24.462
10.080,26.583
10.090,19.704
10.100,35.824
10.110,33.945
10.120,37.065
10.130,23.186
10.140,26.307
10.150,22.427
10.160,22.548
10.170,23.668
10.180,34.789
10.190,20.91
10.200,24.03
10.210,26.151
10.220,26.271
10.230,23.392
10.240,2.5126
10.250,32.558
10.260,19.603
10.270,24.648
10.280,14.693
10.290,26.739
10.300,14.784
10.310,15.829
10.320,26.874
10.330,21.92
10.340,42.965
10.350,38.01
10.360,25.055
10.370,23.116
10.380,15.176
10.390,43.236
10.400,24.296
10.410,23.357
10.420,30.417
10.430,33.477
10.440,20.538
10.450,29.598
10.460,44.658
10.470,28.719
10.480,43.779
10.490,30.839
10.500,25.899
10.510,20.96
10.520,20.02
10.530,27.08
10.540,16.141
10.550,26.201
10.560,23.261
10.570,30.322
10.580,31.382
10.590,26.442
10.600,14.503
10.610,39.563
10.620,18.623
10.630,23.683
10.640,16.744
10.650,26.804
10.660,19.864
10.670,27.925
10.680,23.985
10.690,16.045
10.700,19.106
10.710,12.166
10.720,32.226
10.730,20.296
10.740,13.367
10.750,28.437
10.760,30.508
10.770,29.578
10.780,21.648
10.790,19.719
10.800,22.789
10.810,23.859
10.820,29.93
10.830,31
10.840,30.07
10.850,26.141
10.860,24.211
10.870,22.281
10.880,22.352
10.890,16.422
10.900,18.492
10.910,27.563
10.920,17.633
10.930,34.704
10.940,22.774
10.950,20.844
10.960,29.915
10.970,27.985
10.980,23.055
10.990,11.126
11.000,16.196
11.010,24.266
11.020,15.337
11.030,20.407
11.040,25.477
11.050,23.548
11.060,29.618
11.070,22.688
11.080,18.759
11.090,24.829
11.100,16.899
11.110,29.97
11.120,33.04
11.130,17.111
11.140,13.181
11.150,10.251
11.160,22.322
11.170,23.392
11.180,23.462
11.190,15.533
11.200,28.603
11.210,20.673
11.220,12.744
11.230,10.814
11.240,24.884
11.250,21.955
11.260,30.025
11.270,23.121
11.280,15.216
11.290,16.312
11.300,21.407
11.310,25.503
11.320,16.598
11.330,21.693
11.340,18.789
11.350,18.884
11.360,26.98
11.370,28.075
11.380,31.171
11.390,15.266
11.400,27.362
11.410,19.457
11.420,24.553
11.430,24.648
11.440,9.7437
11.450,24.834
11.460,19.925
11.470,21.015
11.480,18.106
11.490,16.196
11.500,16.286
11.510,28.377
11.520,29.467
11.530,30.558
11.540,18.648
11.550,23.739
11.560,7.8291
11.570,24.905
11.580,21.98
11.590,24.055
11.600,12.131
11.610,28.206
11.620,21.281
11.630,21.357
11.640,27.432
11.650,31.508
11.660,13.583
11.670,26.658
11.680,32.734
11.690,16.809
11.700,22.884
11.710,24.96
11.720,25.035
11.730,31.111
11.740,28.186
11.750,25.261
11.760,14.337
11.770,5.4121
11.780,21.467
11.790,16.523
11.800,12.578
11.810,14.633
11.820,22.688
11.830,10.744
11.840,23.799
11.850,11.854
11.860,16.91
11.870,4.9648
11.880,10.015
11.890,17.065
11.900,39.116
11.910,24.166
11.920,10.216
11.930,46.266
11.940,20.317
11.950,20.367
11.960,16.417
11.970,34.477
11.980,34.538
11.990,24.598
12.000,5.6583
12.010,16.719
12.020,12.779
12.030,29.839
12.040,12.899
12.050,30.96
12.060,23.02
12.070,26.08
12.080,17.141
12.090,18.201
12.100,13.261
12.110,14.322
12.120,20.382
12.130,25.442
12.140,11.503
12.150,23.563
12.160,20.623
12.170,18.683
12.180,17.744
12.190,18.804
12.200,18.864
12.210,13.925
12.220,19.985
12.230,10.045
12.240,21.106
12.250,16.166
12.260,14.226
12.270,9.2864
12.280,21.347
12.290,23.407
12.300,24.467
12.310,18.528
12.320,16.588
12.330,21.648
12.340,24.709
12.350,4.7688
12.360,12.814
12.370,27.859
12.380,13.905
12.390,18.95
12.400,19.995
12.410,16.04
12.420,11.085
12.430,21.131
12.440,15.176
12.450,19.221
12.460,26.266
12.470,17.312
12.480,24.357
12.490,19.407
12.500,15.462
12.510,16.518
12.520,21.573
12.530,13.628
12.540,17.683
12.550,13.739
12.560,18.794
12.570,14.849
12.580,25.905
12.590,15.96
12.600,13.015
12.610,10.07
12.620,11.126
12.630,16.181
12.640,20.241
12.650,12.302
12.660,21.362
12.670,19.422
12.680,18.482
12.690,8.5427
12.700,17.603
12.710,4.6633
12.720,23.714
12.730,22.764
12.740,13.814
12.750,19.864
12.760,12.915
12.770,19.965
12.780,23.015
12.790,17.065
12.800,16.116
12.810,26.166
12.820,15.216
12.830,20.266
12.840,13.317
12.850,12.367
12.860,16.417
12.870,22.467
12.880,22.518
12.890,13.568
12.900,16.618
12.910,14.668
12.920,24.719
12.930,19.769
12.940,23.819
12.950,19.869
12.960,23.92
12.970,19.97
12.980,17.02
12.990,19.07
13.000,21.121
13.010,12.171
13.020,24.221
13.030,19.271
13.040,17.322
13.050,21.372
13.060,22.422
13.070,22.472
13.080,13.523
13.090,16.573
13.100,13.623
13.110,15.673
13.120,15.724
13.130,9.7739
13.140,9.8241
13.150,8.8744
13.160,13.925
13.170,17.975
13.180,21.025
13.190,16.075
13.200,13.126
13.210,22.176
13.220,8.2261
13.230,14.276
13.240,11.327
13.250,2.3769
13.260,7.402
13.270,12.427
13.280,11.452
13.290,14.477
13.300,22.503
13.310,15.528
13.320,14.553
13.330,11.578
13.340,10.603
13.350,17.628
13.360,12.653
13.370,15.678
13.380,19.704
13.390,11.729
13.400,12.754
13.410,15.779
13.420,13.804
13.430,18.829
13.440,13.854
13.450,14.879
13.460,10.905
13.470,12.93
13.480,11.955
13.490,14.98
13.500,16.005
13.510,16.03
13.520,7.0553
13.530,12.08
13.540,12.106
13.550,16.131
13.560,9.1558
13.570,13.181
13.580,11.206
13.590,9.2312
13.600,10.256
13.610,8.2814
13.620,13.307
13.630,16.332
13.640,11.357
13.650,7.3819
13.660,9.407
13.670,7.4422
13.680,8.4774
13.690,11.513
13.700,16.548
13.710,12.583
13.720,6.6181
13.730,11.653
13.740,12.688
13.750,18.724
13.760,25.759
13.770,13.794
13.780,12.829
13.790,7.8643
13.800,13.899
13.810,18.935
13.820,4.9698
13.830,14.005
13.840,16.04
13.850,18.075
13.860,13.111
13.870,9.1457
13.880,16.181
13.890,20.216
13.900,19.251
13.910,23.286
13.920,17.322
13.930,4.3568
13.940,11.392
13.950,2.4271
13.960,17.452
13.970,18.477
13.980,9.5025
13.990,13.528
14.000,16.553
14.010,17.578
14.020,14.603
14.030,8.6281
14.040,7.6533
14.050,16.678
14.060,10.704
14.070,11.729
14.080,14.754
14.090,14.779
14.100,5.804
14.110,10.829
14.120,8.8543
14.130,7.8794
14.140,4.9045
14.150,12.93
14.160,15.955
14.170,12.98
14.180,13.005
14.190,15.03
14.200,16.055
14.210,8.0804
14.220,10.106
14.230,10.131
14.240,11.156
14.250,6.1809
14.260,8.206
14.270,13.231
14.280,7.2563
14.290,9.2814
14.300,13.307
14.310,9.3317
14.320,8.3568
14.330,13.382
14.340,17.407
14.350,17.432
14.360,3.4573
14.370,16.482
14.380,14.508
14.390,9.5327
14.400,11.558
14.410,15.583
14.420,23.608
14.430,10.633
14.440,9.6583
14.450,12.683
14.460,5.7085
14.470,2.7337
14.480,1.7538
14.490,17.769
14.500,7.7839
14.510,9.799
14.520,11.814
14.530,12.829
14.540,5.8442
14.550,14.859
14.560,7.8744
14.570,2.8945
14.580,10.915
14.590,19.935
14.600,8.9548
14.610,11.975
14.620,0.99497
14.630,28.01
14.640,11.025
14.650,9.0402
14.660,19.055
14.670,17.07
14.680,12.085
14.690,14.101
14.700,15.116
14.710,15.131
14.720,9.1457
14.730,13.161
14.740,2.1759
14.750,7.191
14.760,8.2111
14.770,14.231
14.780,8.2513
14.790,7.2714
14.800,5.2915
14.810,11.312
14.820,11.332
14.830,10.352
14.840,17.372
14.850,20.392
14.860,12.412
14.870,11.432
14.880,6.4523
14.890,8.4724
14.900,7.4925
14.910,5.5126
14.920,5.5327
14.930,7.5528
14.940,7.5729
14.950,15.593
14.960,5.6131
14.970,12.633
14.980,6.6533
14.990,13.673
15.000,7.6935
15.010,10.714
15.020,13.734
15.030,8.7538
15.040,3.7739
15.050,6.794
15.060,11.814
15.070,10.839
15.080,5.8643
15.090,7.8894
15.100,7.9146
15.110,10.94
15.120,9.9648
15.130,5.9899
15.140,11.015
15.150,13.04
15.160,7.0653
15.170,14.09
15.180,7.1156
15.190,8.1407
15.200,11.166
15.210,15.191
15.220,10.216
15.230,10.241
15.240,9.2663
15.250,4.2915
15.260,12.317
15.270,7.3417
15.280,4.3668
15.290,8.392
15.300,11.417
15.310,10.442
15.320,5.4673
15.330,8.4925
15.340,10.518
15.350,14.543
15.360,8.5678
15.370,10.593
15.380,12.618
15.390,9.6432
15.400,10.668
15.410,7.6935
15.420,5.7186
15.430,9.7437
15.440,4.7688
15.450,7.794
15.460,6.8191
15.470,3.8442
15.480,2.8693
15.490,11.894
15.500,10.92
15.510,6.9447
15.520,3.9698
15.530,14.995
15.540,8.0201
15.550,9.0452
15.560,4.0704
15.570,11.095
15.580,15.121
15.590,8.1457
15.600,9.1759
15.610,5.206
15.620,5.2362
15.630,11.266
15.640,15.296
15.650,1.3266
15.660,10.347
15.670,3.3668
15.680,5.3869
15.690,10.407
15.700,19.427
15.710,10.447
15.720,9.4673
15.730,11.487
15.740,4.5075
15.750,5.5276
15.760,14.548
15.770,11.568
15.780,5.5879
15.790,5.608
15.800,5.6281
15.810,8.6482
15.820,14.668
15.830,8.6884
15.840,13.709
15.850,8.7286
15.860,5.7487
15.870,11.769
15.880,4.7889
15.890,4.809
15.900,5.8291
15.910,5.8492
15.920,7.8693
15.930,2.8894
15.940,5.9095
15.950,5.9296
15.960,1.9497
15.970,6.9698
15.980,3.9899
15.990,11.01
16.000,6.0302
16.010,4.0503
16.020,7.0704
16.030,12.095
16.040,8.1206
16.050,3.1457
16.060,6.1709
16.070,7.196
16.080,9.2211
16.090,7.2462
16.100,9.2714
16.110,9.2965
16.120,6.3216
16.130,9.3467
16.140,10.372
16.150,12.397
16.160,9.4221
16.170,4.4472
16.180,12.472
16.190,14.497
16.200,7.5226
16.210,5.5477
16.220,8.5729
16.230,3.598
16.240,6.6231
16.250,6.6482
16.260,10.673
16.270,11.698
16.280,6.7236
16.290,2.7487
16.300,9.7739
16.310,10.799
16.320,3.8241
16.330,7.8492
16.340,9.8744
16.350,7.8995
16.360,5.9246
16.370,4.9497
16.380,14.975
16.390,5
16.400,8.0251
16.410,9.0503
16.420,5.0754
16.430,10.101
16.440,10.126
16.450,5.1508
16.460,3.1759
16.470,13.201
16.480,5.2261
16.490,9.2513
16.500,7.2764
16.510,8.3015
16.520,6.3266
16.530,10.352
16.540,7.3769
16.550,2.402
16.560,7.4221
16.570,6.4422
16.580,8.4623
16.590,6.4824
16.600,10.503
16.610,4.5226
16.620,7.5427
16.630,9.5628
16.640,2.5829
16.650,4.603
16.660,4.6231
16.670,10.643
16.680,8.6633
16.690,4.6834
16.700,7.7035
16.710,8.7236
16.720,9.7437
16.730,7.7638
16.740,1.7839
16.750,4.799
16.760,3.8141
16.770,6.8291
16.780,5.8442
16.790,5.8593
16.800,9.8744
16.810,4.8894
16.820,6.9045
16.830,11.92
16.840,5.9347
16.850,11.95
16.860,1.9648
16.870,11.98
16.880,3.995
16.890,5.0101
16.900,8.0251
16.910,6.0402
16.920,6.0553
16.930,7.0704
16.940,4.0854
16.950,4.1005
16.960,5.1156
16.970,7.1307
16.980,9.1457
16.990,3.1608
17.000,11.176
17.010,6.191
17.020,6.206
17.030,2.2211
17.040,9.2362
17.050,1.2513
17.060,9.2613
17.070,6.2714
17.080,9.2814
17.090,5.2915
17.100,7.3015
17.110,6.3116
17.120,4.3216
17.130,7.3317
17.140,8.3417
17.150,11.352
17.160,7.3618
17.170,13.372
17.180,7.3819
17.190,7.392
17.200,5.402
17.210,6.4121
17.220,7.4221
17.230,2.4322
17.240,7.4422
17.250,5.4523
17.260,6.4623
17.270,10.472
17.280,4.4824
17.290,3.4925
17.300,8.5025
17.310,6.5126
17.320,4.5226
17.330,8.5327
17.340,5.5427
17.350,3.5528
17.360,10.563
17.370,6.5729
17.380,5.5829
17.390,5.593
17.400,4.603
17.410,6.6131
17.420,2.6231
17.430,7.6332
17.440,4.6432
17.450,5.6533
17.460,2.6633
17.470,4.6734
17.480,2.6834
17.490,7.6935
17.500,9.7035
17.510,6.7136
17.520,2.7236
17.530,9.7337
17.540,5.7437
17.550,9.7538
17.560,7.7638
17.570,10.774
17.580,0.78392
17.590,7.7889
17.600,5.794
17.610,1.799
17.620,3.804
17.630,4.809
17.640,7.8141
17.650,3.8191
17.660,7.8241
17.670,5.8291
17.680,9.8342
17.690,4.8392
17.700,7.8442
17.710,4.8492
17.720,4.8543
17.730,4.8593
17.740,4.8643
17.750,5.8693
17.760,3.8744
17.770,6.8794
17.780,3.8844
17.790,5.8894
17.800,5.8945
17.810,8.8995
17.820,4.9045
17.830,4.9095
17.840,5.9146
17.850,6.9196
17.860,8.9246
17.870,6.9296
17.880,3.9347
17.890,6.9397
17.900,3.9447
17.910,8.9497
17.920,3.9548
17.930,6.9598
17.940,5.9648
17.950,4.9698
17.960,5.9749
17.970,9.9799
17.980,6.9849
17.990,4.9899
18.000,9.995
18.010,0
18.020,3
18.030,5
18.040,3
18.050,7
18.060,4
18.070,7
18.080,3
18.090,6
18.100,4
18.110,5
18.120,4
18.130,6
18.140,4
18.150,5
18.160,3
18.170,5
18.180,6
18.190,8
18.200,5
18.210,3
18.220,4
18.230,4
18.240,7
18.250,2
18.260,6
18.270,5
18.280,4
18.290,2
18.300,8
18.310,3
18.320,7
18.330,4
18.340,4
18.350,7
18.360,3
18.370,2
18.380,7
18.390,8
18.400,4
18.410,5
18.420,3
18.430,7
18.440,4
18.450,7
18.460,4
18.470,2
18.480,2
18.490,3
18.500,5
18.510,5
18.520,4
18.530,5
18.540,6
18.550,6
18.560,11
18.570,5
18.580,8
18.590,4
18.600,2
18.610,3
18.620,6
18.630,5
18.640,4
18.650,5
18.660,8
18.670,4
18.680,6
18.690,4
18.700,3
18.710,2
18.720,5
18.730,5
18.740,1
18.750,6
18.760,1
18.770,5
18.780,4
18.790,4
18.800,8
18.810,4
18.820,2
18.830,2
18.840,3
18.850,6
18.860,3
18.870,2
18.880,5
18.890,4
18.900,3
18.910,7
18.920,0
18.930,0
18.940,4
18.950,2
18.960,3
18.970,5
18.980,2
18.990,6
19.000,7
19.010,2
19.020,3
19.030,2
19.040,7
19.050,2
19.060,3
19.070,2
19.080,5
19.090,5
19.100,5
19.110,3
19.120,5
19.130,3
19.140,3
19.150,3
19.160,1
19.170,4
19.180,1
19.190,1
19.200,1
19.210,0
19.220,2
19.230,3
19.240,1
19.250,1
19.260,4
19.270,1
19.280,3
19.290,0
19.300,3
19.310,0
19.320,2
19.330,4
19.340,6
19.350,2
19.360,3
19.370,3
19.380,3
19.390,1
19.400,0
19.410,1
19.420,1
19.430,5
19.440,3
19.450,1
19.460,3
19.470,3
19.480,3
19.490,4
19.500,3
19.510,2
19.520,1
19.530,3
19.540,4
19.550,4
19.560,4
19.570,2
19.580,2
19.590,2
19.600,0
19.610,3
19.620,3
19.630,3
19.640,3
19.650,2
19.660,2
19.670,4
19.680,5
19.690,6
19.700,3
19.710,2
19.720,2
19.730,1
19.740,3
19.750,0
19.760,2
19.770,5
19.780,1
19.790,2
19.800,5
19.810,1
19.820,3
19.830,0
19.840,4
19.850,5
19.860,2
19.870,3
19.880,1
19.890,0
19.900,0
19.910,3
19.920,1
19.930,4
19.940,4
19.950,2
19.960,0
19.970,4
19.980,5
19.990,3
20.000,2
