kilo-Electron Volt [keV],Counts
0.099,200
0.109,49
0.119,0
0.129,26.738
0.139,210.95
0.149,387.18
0.159,220.42
0.169,136.68
0.179,82.954
0.189,90.239
0.199,96.536
0.209,94.847
0.219,102.17
0.229,132.5
0.239,164.85
0.249,185.21
0.259,201.58
0.269,210.96
0.279,205.35
0.289,197.75
0.299,197.16
0.309,162.58
0.319,121.01
0.329,109.45
0.339,93.895
0.349,84.352
0.359,83.817
0.369,66.291
0.379,70.734
0.389,84.078
0.399,92.392
0.409,88.718
0.419,87.053
0.429,110.22
0.439,112.38
0.449,110.56
0.459,119.74
0.469,121.93
0.479,149.13
0.489,163.35
0.499,150.57
0.509,186.81
0.519,165.06
0.529,178.31
0.539,163.58
0.549,163.86
0.559,185.15
0.569,181.45
0.579,155.76
0.589,148.07
0.599,179.4
0.609,175.74
0.619,171.08
0.629,196.43
0.639,199.79
0.649,219.16
0.659,219.54
0.669,243.92
0.679,273.32
0.689,280.72
0.699,288.13
0.709,286.54
0.719,295.96
0.729,296.39
0.739,291.83
0.749,285.27
0.759,294.72
0.769,298.18
0.779,299.64
0.789,366.11
0.799,369.59
0.809,350.07
0.819,388.56
0.829,414.05
0.839,386.55
0.849,401.06
0.859,449.57
0.869,453.08
0.879,449.61
0.889,450.13
0.899,484.67
0.909,507.2
0.919,489.75
0.929,468.3
0.939,520.85
0.949,502.41
0.959,525.97
0.969,543.53
0.979,584.11
0.989,561.68
0.999,579.26
1.009,537.85
1.019,632.44
1.029,615.03
1.039,557.63
1.049,603.23
1.059,616.84
1.069,591.45
1.079,606.06
1.089,680.68
1.099,627.01
1.109,636.34
1.119,660.67
1.129,636.01
1.139,647.34
1.149,682.67
1.159,680
1.169,664.33
1.179,650.66
1.189,707.99
1.199,694.33
1.209,686.66
1.219,723.99
1.229,686.32
1.239,745.65
1.249,793.98
1.259,706.32
1.269,780.65
1.279,725.98
1.289,711.31
1.299,769.64
1.309,803.97
1.319,845.31
1.329,871.64
1.339,831.97
1.349,866.3
1.359,870.63
1.369,875.96
1.379,890.3
1.389,878.63
1.399,920.96
1.409,1008.3
1.419,996.62
1.429,1003
1.439,1112.3
1.449,1104.6
1.459,1179.9
1.469,1233.3
1.479,1245.6
1.489,1193.9
1.499,1238.3
1.509,1330.6
1.519,1377.9
1.529,1289.3
1.539,1413.6
1.549,1361.9
1.559,1449.3
1.569,1454.6
1.579,1453.9
1.589,1647.3
1.599,1914.6
1.609,2462.9
1.619,3546.3
1.629,5512.6
1.639,8977.9
1.649,14098
1.659,21941
1.669,33017
1.679,47523
1.689,64691
1.699,83375
1.709,1.0212E5
1.719,1.1742E5
1.729,1.2875E5
1.739,1.3214E5
1.749,1.2887E5
1.759,1.1862E5
1.769,1.038E5
1.779,86237
1.789,67853
1.799,51356
1.809,37196
1.819,26293
1.829,18700
1.839,13223
1.849,9291.9
1.859,6653.2
1.869,4791.5
1.879,3544.9
1.889,2469.2
1.899,1742.5
1.909,1166.9
1.919,702.21
1.929,447.54
1.939,245.87
1.949,140.2
1.959,80.533
1.969,56.864
1.979,45.196
1.989,38.528
1.999,21.859
2.009,32.191
2.019,37.523
2.029,41.854
2.039,30.186
2.049,33.518
2.059,45.849
2.069,37.181
2.079,26.513
2.089,8.8442
2.099,16.136
2.109,39.412
2.119,17.824
2.129,36.497
2.139,35.171
2.149,44.844
2.159,19.518
2.169,24.166
2.179,37.774
2.189,44.382
2.199,38.99
2.209,32.598
2.219,42.206
2.229,59.814
2.239,29.422
2.249,38.98
2.259,59.528
2.269,46.075
2.279,60.623
2.289,59.171
2.299,47.719
2.309,51.266
2.319,60.814
2.329,79.362
2.339,72.91
2.349,53.457
2.359,37.005
2.369,41.578
2.379,53.221
2.389,49.889
2.399,64.558
2.409,47.226
2.419,34.015
2.429,52.719
2.439,55.407
2.449,61.095
2.459,65.784
2.469,80.472
2.479,70.161
2.489,61.849
2.499,62.538
2.509,61.226
2.519,85.915
2.529,62.603
2.539,53.291
2.549,82.98
2.559,58.668
2.569,52.362
2.579,61.055
2.589,67.759
2.599,66.462
2.609,61.166
2.619,57.869
2.629,66.573
2.639,67.276
2.649,58.98
2.659,55.683
2.669,55.387
2.679,73.09
2.689,87.794
2.699,71.497
2.709,54.201
2.719,60.905
2.729,75.608
2.739,96.382
2.749,95.156
2.759,87.93
2.769,78.704
2.779,76.477
2.789,72.251
2.799,63.025
2.809,65.799
2.819,57.573
2.829,66.347
2.839,95.121
2.849,86.894
2.859,78.668
2.869,76.442
2.879,63.216
2.889,70.99
2.899,78.764
2.909,81.538
2.919,110.31
2.929,111.09
2.939,103.86
2.949,105.63
2.959,90.407
2.969,96.181
2.979,109.98
2.989,102.83
2.999,103.68
3.010,93.528
3.020,94.377
3.030,97.226
3.040,85.075
3.050,78.925
3.060,86.774
3.070,94.623
3.080,99.472
3.090,101.32
3.100,88.171
3.110,77.02
3.120,80.869
3.130,97.719
3.140,105.57
3.150,89.417
3.160,79.266
3.170,107.12
3.180,112.96
3.190,90.814
3.200,89.663
3.210,90.513
3.220,81.362
3.230,85.211
3.240,64.06
3.250,84.95
3.260,111.84
3.270,98.729
3.280,92.618
3.290,91.508
3.300,81.397
3.310,90.286
3.320,102.18
3.330,107.07
3.340,110.95
3.350,130.84
3.360,149.73
3.370,154.62
3.380,168.51
3.390,219.4
3.400,265.29
3.410,287.18
3.420,339.07
3.430,410.96
3.440,490.85
3.450,544.74
3.460,549.63
3.470,588.52
3.480,617.41
3.490,586.3
3.500,549.19
3.510,516.08
3.520,463.96
3.530,400.85
3.540,339.74
3.550,290.63
3.560,236.52
3.570,185.41
3.580,166.3
3.590,155.19
3.600,140.08
3.610,117.97
3.620,113.86
3.630,97.754
3.640,81.668
3.650,83.583
3.660,86.497
3.670,88.497
3.680,81.497
3.690,73.497
3.700,67.497
3.710,67.497
3.720,65.497
3.730,70.497
3.740,70.497
3.750,79.497
3.760,90.497
3.770,76.497
3.780,61.497
3.790,61.497
3.800,60.497
3.810,52.497
3.820,63.497
3.830,96.497
3.840,90.497
3.850,89.497
3.860,115.5
3.870,89.497
3.880,59.497
3.890,66.497
3.900,74.497
3.910,73.497
3.920,54.497
3.930,54.497
3.940,61.497
3.950,57.497
3.960,51.497
3.970,56.497
3.980,78.497
3.990,70.497
4.000,65.497
4.010,73.497
4.020,67.497
4.030,62.497
4.040,68.497
4.050,60.497
4.060,73.497
4.070,92.497
4.080,65.497
4.090,47.558
4.100,56.633
4.110,65.709
4.120,76.799
4.130,92.899
4.140,75
4.150,48.101
4.160,57.226
4.170,38.392
4.180,67.558
4.190,88.724
4.200,67.889
4.210,61.055
4.220,75.221
4.230,62.387
4.240,74.603
4.250,83.829
4.260,83.055
4.270,79.281
4.280,67.508
4.290,66.734
4.300,64.96
4.310,63.186
4.320,68.412
4.330,53.638
4.340,48.864
4.350,69.09
4.360,74.317
4.370,61.543
4.380,73.769
4.390,65.995
4.400,81.221
4.410,88.447
4.420,86.769
4.430,76.106
4.440,76.447
4.450,51.789
4.460,50.131
4.470,59.472
4.480,70.814
4.490,65.156
4.500,63.497
4.510,50.839
4.520,59.181
4.530,66.523
4.540,64.864
4.550,43.206
4.560,44.558
4.570,41.91
4.580,50.251
4.590,53.593
4.600,56.935
4.610,52.276
4.620,52.618
4.630,44.96
4.640,50.302
4.650,67.643
4.660,61.985
4.670,77.327
4.680,83.668
4.690,73.01
4.700,73.352
4.710,69.749
4.720,33.146
4.730,45.472
4.740,67.799
4.750,76.126
4.760,57.452
4.770,55.779
4.780,53.106
4.790,62.432
4.800,67.759
4.810,74.085
4.820,53.427
4.830,68.769
4.840,75.111
4.850,63.452
4.860,47.814
4.870,64.176
4.880,73.538
4.890,75.899
4.900,57.261
4.910,50.623
4.920,56.985
4.930,42.347
4.940,70.709
4.950,55.07
4.960,36.432
4.970,26.769
4.980,60.055
4.990,64.342
5.000,77.628
5.010,78.915
5.020,47.201
5.030,61.487
5.040,61.774
5.050,73.06
5.060,67.347
5.070,61.633
5.080,79.92
5.090,44.206
5.100,59.492
5.110,77.779
5.120,69.065
5.130,53.377
5.140,62.688
5.150,74
5.160,36.312
5.170,68.623
5.180,77.935
5.190,56.246
5.200,48.558
5.210,35.869
5.220,39.181
5.230,26.492
5.240,78.764
5.250,50.035
5.260,71.307
5.270,64.578
5.280,49.849
5.290,49.121
5.300,54.392
5.310,74.668
5.320,68.945
5.330,58.241
5.340,71.538
5.350,65.834
5.360,51.131
5.370,61.427
5.380,49.724
5.390,65.02
5.400,78.317
5.410,91.613
5.420,87.91
5.430,81.206
5.440,73.503
5.450,72.799
5.460,69.095
5.470,83.392
5.480,65.688
5.490,62.985
5.500,58.281
5.510,63.578
5.520,71.874
5.530,67.171
5.540,65.467
5.550,56.764
5.560,44.06
5.570,56.362
5.580,63.663
5.590,60.965
5.600,46.266
5.610,36.568
5.620,32.864
5.630,63.141
5.640,50.417
5.650,16.693
5.660,50.91
5.670,68.126
5.680,45.342
5.690,52.563
5.700,64.784
5.710,64.005
5.720,56.246
5.730,65.487
5.740,60.729
5.750,53.97
5.760,68.211
5.770,52.452
5.780,53.693
5.790,57.935
5.800,53.176
5.810,79.417
5.820,53.658
5.830,37.899
5.840,44.141
5.850,76.382
5.860,58.623
5.870,49.864
5.880,76.106
5.890,68.347
5.900,48.588
5.910,68.829
5.920,41.08
5.930,55.332
5.940,37.583
5.950,56.834
5.960,40.085
5.970,55.337
5.980,43.588
5.990,68.839
6.000,59.09
6.010,51.342
6.020,46.628
6.030,58.915
6.040,53.201
6.050,41.487
6.060,62.774
6.070,23.06
6.080,41.327
6.090,46.593
6.100,43.859
6.110,22.126
6.120,45.382
6.130,37.638
6.140,44.894
6.150,75.151
6.160,57.407
6.170,50.663
6.180,60.92
6.190,50.176
6.200,62.432
6.210,52.688
6.220,41.945
6.230,28.201
6.240,65.457
6.250,54.714
6.260,57.97
6.270,44.226
6.280,48.482
6.290,56.739
6.300,60.995
6.310,85.251
6.320,88.508
6.330,99.764
6.340,60.02
6.350,84.276
6.360,115.53
6.370,92.789
6.380,107.05
6.390,87.302
6.400,120.56
6.410,136.81
6.420,98.07
6.430,86.327
6.440,105.58
6.450,92.839
6.460,97.095
6.470,78.352
6.480,75.608
6.490,76.864
6.500,54.121
6.510,69.402
6.520,39.683
6.530,65.965
6.540,30.246
6.550,40.513
6.560,60.779
6.570,71.045
6.580,55.312
6.590,60.578
6.600,46.844
6.610,73.111
6.620,64.377
6.630,71.643
6.640,55.91
6.650,68.176
6.660,54.442
6.670,65.709
6.680,50.975
6.690,23.241
6.700,62.452
6.710,43.663
6.720,46.874
6.730,63.085
6.740,43.296
6.750,40.508
6.760,26.719
6.770,64.93
6.780,41.141
6.790,53.352
6.800,22.563
6.810,44.759
6.820,26.955
6.830,55.151
6.840,19.347
6.850,22.523
6.860,40.698
6.870,39.874
6.880,50.05
6.890,36.276
6.900,46.503
6.910,46.729
6.920,65.955
6.930,31.181
6.940,39.407
6.950,80.633
6.960,31.859
6.970,59.085
6.980,49.312
6.990,45.538
7.000,42.764
7.010,30.99
7.020,44.216
7.030,49.442
7.040,41.668
7.050,47.894
7.060,60.121
7.070,45.347
7.080,49.573
7.090,32.799
7.100,54.025
7.110,20.251
7.120,48.452
7.130,23.653
7.140,45.854
7.150,44.055
7.160,63.256
7.170,46.457
7.180,37.658
7.190,55.859
7.200,64.06
7.210,27.261
7.220,35.462
7.230,23.663
7.240,49.864
7.250,30.065
7.260,30.266
7.270,36.467
7.280,50.668
7.290,22.869
7.300,70.065
7.310,19.261
7.320,30.437
7.330,40.613
7.340,42.789
7.350,46.965
7.360,35.141
7.370,27.317
7.380,27.492
7.390,52.668
7.400,49.844
7.410,53.02
7.420,53.196
7.430,44.387
7.440,43.578
7.450,84.769
7.460,50.96
7.470,49.151
7.480,39.342
7.490,52.533
7.500,41.724
7.510,67.915
7.520,45.106
7.530,24.296
7.540,53.487
7.550,22.678
7.560,40.864
7.570,28.05
7.580,28.236
7.590,57.422
7.600,35.608
7.610,58.794
7.620,39.995
7.630,39.196
7.640,19.397
7.650,31.573
7.660,27.749
7.670,18.925
7.680,47.095
7.690,46.266
7.700,15.437
7.710,19.588
7.720,59.739
7.730,39.889
7.740,37.04
7.750,46.191
7.760,49.342
7.770,23.492
7.780,40.643
7.790,27.794
7.800,34.945
7.810,32.095
7.820,41.246
7.830,34.397
7.840,33.548
7.850,36.698
7.860,36.849
7.870,34
7.880,26.151
7.890,45.302
7.900,16.452
7.910,42.628
7.920,55.804
7.930,50.98
7.940,36.156
7.950,30.332
7.960,34.508
7.970,32.683
7.980,39.859
7.990,37.035
8.000,11.211
8.011,35.352
8.021,61.508
8.031,26.663
8.041,38.819
8.051,28.975
8.061,22.131
8.071,40.286
8.081,44.442
8.091,14.598
8.101,47.754
8.111,36.91
8.121,49.065
8.131,30.221
8.141,53.377
8.151,54.533
8.161,37.719
8.171,29.905
8.181,58.09
8.191,30.276
8.201,29.462
8.211,47.648
8.221,42.834
8.231,46.02
8.241,49.206
8.251,47.392
8.261,43.578
8.271,40.764
8.281,37.95
8.291,49.136
8.301,28.322
8.311,41.508
8.321,16.693
8.331,20.879
8.341,27.065
8.351,50.251
8.361,42.437
8.371,33.623
8.381,24.809
8.391,35.995
8.401,40.181
8.411,34.367
8.421,46.553
8.431,31.739
8.441,52.925
8.451,26.111
8.461,41.296
8.471,38.482
8.481,53.668
8.491,14.854
8.501,34.015
8.511,18.176
8.521,33.337
8.531,28.497
8.541,52.658
8.551,48.819
8.561,28.98
8.571,30.141
8.581,55.302
8.591,25.462
8.601,49.623
8.611,30.784
8.621,33.945
8.631,19.106
8.641,33.266
8.651,23.427
8.661,18.588
8.671,55.749
8.681,39.91
8.691,44.07
8.701,28.231
8.711,40.392
8.721,25.553
8.731,20.714
8.741,32.874
8.751,37.035
8.761,34.196
8.771,26.357
8.781,19.518
8.791,38.678
8.801,24.839
8.811,31
8.821,27.166
8.831,31.332
8.841,46.497
8.851,39.663
8.861,43.829
8.871,10.995
8.881,26.111
8.891,37.226
8.901,47.347
8.911,26.467
8.921,26.588
8.931,22.709
8.941,30.829
8.951,41.95
8.961,44.07
8.971,33.191
8.981,46.312
8.991,27.442
9.001,40.573
9.011,36.704
9.021,33.834
9.031,29.965
9.041,27.095
9.051,35.226
9.061,46.357
9.071,55.487
9.081,32.618
9.091,16.749
9.101,33.879
9.111,35.01
9.121,33.141
9.131,24.271
9.141,24.402
9.151,37.533
9.161,41.663
9.171,30.794
9.181,47.925
9.191,23.055
9.201,39.186
9.211,19.317
9.221,33.447
9.231,19.578
9.241,31.709
9.251,36.839
9.261,25.97
9.271,43.101
9.281,40.231
9.291,30.362
9.301,53.492
9.311,30.668
9.321,27.844
9.331,17.02
9.341,24.196
9.351,22.372
9.361,35.548
9.371,19.724
9.381,29.899
9.391,43.075
9.401,26.251
9.411,15.427
9.421,32.588
9.431,34.749
9.441,15.91
9.451,28.07
9.461,29.231
9.471,17.392
9.481,24.553
9.491,31.714
9.501,46.874
9.511,37.035
9.521,31.196
9.531,29.357
9.541,29.518
9.551,49.678
9.561,19.839
9.571,36
9.581,22.176
9.591,36.352
9.601,15.528
9.611,28.688
9.621,32.849
9.631,32.01
9.641,40.171
9.651,35.332
9.661,24.492
9.671,24.653
9.681,34.814
9.691,18.975
9.701,17.136
9.711,33.296
9.721,38.457
9.731,25.618
9.741,21.779
9.751,26.94
9.761,35.101
9.771,31.261
9.781,34.422
9.791,29.583
9.801,24.744
9.811,24.905
9.821,22.065
9.831,21.226
9.841,27.387
9.851,28.548
9.861,32.709
9.871,26.869
9.881,29.03
9.891,13.191
9.901,31.317
9.911,33.442
9.921,19.568
9.931,32.693
9.941,25.819
9.951,22.96
9.961,24.101
9.971,28.241
9.981,35.382
9.991,32.523
10.001,11.663
10.011,39.789
10.021,22.915
10.031,45.04
10.041,29.166
10.051,33.291
10.061,32.417
10.071,45.543
10.081,17.668
10.091,32.794
10.101,29.92
10.111,34.045
10.121,29.171
10.131,20.296
10.141,7.4221
10.151,34.518
10.161,34.613
10.171,14.709
10.181,19.804
10.191,18.899
10.201,36.995
10.211,30.09
10.221,23.186
10.231,38.281
10.241,27.377
10.251,13.472
10.261,29.568
10.271,23.663
10.281,19.759
10.291,25.854
10.301,20.95
10.311,32.045
10.321,27.141
10.331,23.236
10.341,13.332
10.351,40.427
10.361,29.523
10.371,29.618
10.381,30.714
10.391,31.809
10.401,26.905
10.411,17
10.421,28.095
10.431,19.191
10.441,29.302
10.451,18.412
10.461,15.523
10.471,36.633
10.481,24.744
10.491,23.854
10.501,22.965
10.511,26.075
10.521,11.186
10.531,15.296
10.541,37.407
10.551,32.518
10.561,28.628
10.571,42.739
10.581,31.849
10.591,31.96
10.601,32.07
10.611,28.181
10.621,29.291
10.631,19.402
10.641,26.513
10.651,23.623
10.661,29.734
10.671,26.844
10.681,13.955
10.691,30.065
10.701,26.176
10.711,21.286
10.721,29.397
10.731,23.508
10.741,25.618
10.751,27.729
10.761,17.889
10.771,26.05
10.781,22.211
10.791,30.372
10.801,13.533
10.811,16.688
10.821,19.844
10.831,29
10.841,22.156
10.851,20.312
10.861,26.467
10.871,33.623
10.881,13.779
10.891,25.93
10.901,27.08
10.911,22.231
10.921,33.382
10.931,16.533
10.941,31.683
10.951,15.834
10.961,30.985
10.971,13.136
10.981,20.276
10.991,30.417
11.001,26.558
11.011,42.698
11.021,34.839
11.031,18.98
11.041,19.121
11.051,24.261
11.061,24.402
11.071,18.543
11.081,33.683
11.091,18.824
11.101,18.965
11.111,34.106
11.121,31.246
11.131,25.387
11.141,34.528
11.151,27.668
11.161,31.809
11.171,29.95
11.181,21.09
11.191,32.231
11.201,33.372
11.211,26.513
11.221,19.653
11.231,29.794
11.241,19.935
11.251,21.075
11.261,24.216
11.271,26.357
11.281,25.497
11.291,8.6382
11.301,45.734
11.311,20.829
11.321,24.925
11.331,15.02
11.341,29.116
11.351,14.211
11.361,35.307
11.371,21.402
11.381,32.497
11.391,26.593
11.401,33.688
11.411,15.784
11.421,17.879
11.431,25.975
11.441,24.07
11.451,20.166
11.461,37.261
11.471,40.357
11.481,25.452
11.491,27.548
11.501,27.643
11.511,26.739
11.521,23.834
11.531,28.93
11.541,31.025
11.551,37.121
11.561,8.2161
11.571,40.296
11.581,39.377
11.591,25.457
11.601,13.538
11.611,22.618
11.621,34.698
11.631,18.779
11.641,24.859
11.651,31.94
11.661,43.02
11.671,25.101
11.681,31.181
11.691,25.261
11.701,17.342
11.711,21.422
11.721,13.503
11.731,27.583
11.741,25.663
11.751,10.744
11.761,26.824
11.771,21.905
11.781,32.985
11.791,23.065
11.801,22.146
11.811,30.226
11.821,17.307
11.831,20.387
11.841,25.467
11.851,27.548
11.861,15.628
11.871,11.709
11.881,29.789
11.891,13.869
11.901,34.95
11.911,17.06
11.921,31.171
11.931,8.2814
11.941,25.377
11.951,33.472
11.961,32.568
11.971,19.663
11.981,20.759
11.991,21.854
12.001,26.95
12.011,26.045
12.021,30.141
12.031,22.236
12.041,16.332
12.051,31.427
12.061,20.523
12.071,11.618
12.081,15.714
12.091,13.809
12.101,24.905
12.111,29
12.121,25.095
12.131,23.191
12.141,25.286
12.151,23.382
12.161,20.477
12.171,13.573
12.181,25.668
12.191,25.764
12.201,36.859
12.211,30.955
12.221,28.05
12.231,17.146
12.241,27.241
12.251,20.337
12.261,23.432
12.271,29.528
12.281,22.623
12.291,24.719
12.301,17.814
12.311,20.91
12.321,34.005
12.331,35.101
12.341,25.196
12.351,29.291
12.361,22.392
12.371,22.492
12.381,13.593
12.391,18.693
12.401,23.794
12.411,23.894
12.421,9.995
12.431,12.08
12.441,18.166
12.451,32.251
12.461,15.337
12.471,17.422
12.481,41.508
12.491,13.593
12.501,21.678
12.511,19.764
12.521,21.849
12.531,21.935
12.541,27.02
12.551,25.106
12.561,15.191
12.571,21.276
12.581,17.362
12.591,25.447
12.601,26.533
12.611,39.618
12.621,29.704
12.631,28.789
12.641,33.874
12.651,19.96
12.661,19.045
12.671,12.131
12.681,22.216
12.691,15.302
12.701,21.387
12.711,21.472
12.721,21.558
12.731,18.643
12.741,2.7286
12.751,20.764
12.761,16.809
12.771,15.854
12.781,14.899
12.791,25.945
12.801,21.99
12.811,16.035
12.821,21.08
12.831,16.126
12.841,26.171
12.851,23.216
12.861,24.261
12.871,27.307
12.881,25.352
12.891,17.397
12.901,23.442
12.911,21.487
12.921,20.533
12.931,18.578
12.941,15.623
12.951,17.668
12.961,22.714
12.971,24.759
12.981,14.804
12.991,29.849
13.001,14.894
13.012,22.94
13.022,27.985
13.032,23.03
13.042,23.075
13.052,27.121
13.062,13.166
13.072,17.211
13.082,8.2563
13.092,28.302
13.102,26.347
13.112,22.392
13.122,17.437
13.132,15.482
13.142,13.528
13.152,21.588
13.162,14.648
13.172,18.709
13.182,27.769
13.192,8.8291
13.202,30.889
13.212,28.95
13.222,18.01
13.232,14.07
13.242,18.131
13.252,29.191
13.262,23.251
13.272,12.312
13.282,28.372
13.292,10.432
13.302,18.492
13.312,13.553
13.322,13.613
13.332,13.673
13.342,21.734
13.352,20.794
13.362,10.854
13.372,20.915
13.382,25.975
13.392,17.035
13.402,20.095
13.412,21.156
13.422,19.216
13.432,15.276
13.442,20.337
13.452,19.397
13.462,8.4573
13.472,9.5176
13.482,14.578
13.492,17.638
13.502,23.719
13.512,13.799
13.522,17.879
13.532,16.96
13.542,15.04
13.552,14.121
13.562,14.201
13.572,12.281
13.582,8.3618
13.592,24.442
13.602,28.523
13.612,22.603
13.622,17.683
13.632,18.764
13.642,23.844
13.652,13.925
13.662,21.005
13.672,15.085
13.682,21.166
13.692,18.246
13.702,21.327
13.712,10.407
13.722,17.487
13.732,13.568
13.742,12.648
13.752,20.729
13.762,13.809
13.772,24.889
13.782,25.97
13.792,11.05
13.802,15.131
13.812,19.211
13.822,13.291
13.832,14.372
13.842,15.452
13.852,22.533
13.862,16.613
13.872,22.693
13.882,22.774
13.892,3.8543
13.902,12.905
13.912,20.955
13.922,4.005
13.932,17.055
13.942,16.106
13.952,19.156
13.962,15.206
13.972,18.256
13.982,18.307
13.992,12.357
14.002,15.407
14.012,14.457
14.022,18.508
14.032,12.558
14.042,13.608
14.052,17.658
14.062,16.709
14.072,18.759
14.082,16.809
14.092,14.859
14.102,6.9095
14.112,15.96
14.122,20.01
14.132,23.06
14.142,25.111
14.152,8.1608
14.162,25.211
14.172,29.261
14.182,7.3116
14.192,14.362
14.202,11.412
14.212,19.462
14.222,16.513
14.232,15.563
14.242,12.613
14.252,21.663
14.262,14.714
14.272,14.764
14.282,9.8141
14.292,10.864
14.302,18.915
14.312,21.965
14.322,16.015
14.332,17.065
14.342,5.1156
14.352,20.161
14.362,16.206
14.372,13.251
14.382,18.296
14.392,19.342
14.402,15.387
14.412,9.4322
14.422,18.477
14.432,14.523
14.442,14.568
14.452,16.613
14.462,13.658
14.472,20.704
14.482,16.749
14.492,25.794
14.502,12.839
14.512,16.884
14.522,16.93
14.532,9.9749
14.542,21.02
14.552,21.065
14.562,22.111
14.572,16.156
14.582,21.201
14.592,19.246
14.602,9.2915
14.612,20.337
14.622,10.382
14.632,15.427
14.642,13.472
14.652,14.518
14.662,33.563
14.672,18.608
14.682,16.653
14.692,19.698
14.702,25.744
14.712,14.789
14.722,21.834
14.732,20.879
14.742,4.9246
14.752,19.96
14.762,17.995
14.772,8.0302
14.782,22.065
14.792,12.101
14.802,22.146
14.812,12.191
14.822,18.236
14.832,5.2814
14.842,12.327
14.852,20.372
14.862,17.417
14.872,14.462
14.882,12.508
14.892,18.553
14.902,23.598
14.912,17.643
14.922,15.688
14.932,14.734
14.942,8.7789
14.952,21.824
14.962,9.8693
14.972,15.915
14.982,15.96
14.992,21.005
15.002,18.05
15.012,28.095
15.022,12.141
15.032,19.186
15.042,13.231
15.052,10.276
15.062,11.322
15.072,20.367
15.082,11.412
15.092,15.457
15.102,23.503
15.112,21.548
15.122,13.593
15.132,3.6382
15.142,10.668
15.152,8.6985
15.162,20.729
15.172,15.759
15.182,11.789
15.192,15.819
15.202,16.849
15.212,7.8794
15.222,10.92
15.232,22.96
15.242,19
15.252,10.04
15.262,12.08
15.272,19.121
15.282,8.1608
15.292,13.201
15.302,20.241
15.312,4.2814
15.322,15.322
15.332,15.362
15.342,10.402
15.352,17.442
15.362,9.4824
15.372,11.523
15.382,15.563
15.392,29.603
15.402,7.6432
15.412,13.683
15.422,17.729
15.432,11.774
15.442,9.8191
15.452,12.864
15.462,9.9095
15.472,11.955
15.482,1
15.492,18.025
15.502,8.0503
15.512,13.075
15.522,13.101
15.532,16.126
15.542,9.1508
15.552,18.176
15.562,15.201
15.572,17.226
15.582,8.2513
15.592,6.2764
15.602,16.302
15.612,18.327
15.622,13.352
15.632,16.377
15.642,9.402
15.652,21.427
15.662,13.452
15.672,22.477
15.682,9.5025
15.692,9.5276
15.702,19.553
15.712,10.578
15.722,15.603
15.732,12.628
15.742,12.653
15.752,22.678
15.762,12.704
15.772,15.729
15.782,8.7538
15.792,14.779
15.802,9.804
15.812,11.829
15.822,17.854
15.832,21.879
15.842,16.905
15.852,21.93
15.862,16.955
15.872,15.98
15.882,6.005
15.892,11.03
15.902,15.055
15.912,11.08
15.922,8.1055
15.932,13.131
15.942,11.156
15.952,20.181
15.962,11.206
15.972,20.231
15.982,11.256
15.992,16.281
16.002,9.3065
16.012,14.332
16.022,13.357
16.032,9.3819
16.042,10.407
16.052,11.432
16.062,12.457
16.072,11.482
16.082,21.508
16.092,12.533
16.102,6.5578
16.112,14.583
16.122,9.608
16.132,9.6332
16.142,10.658
16.152,12.683
16.162,3.7085
16.172,4.7337
16.182,7.7588
16.192,13.784
16.202,16.809
16.212,11.834
16.222,4.8593
16.232,5.8844
16.242,10.91
16.252,10.935
16.262,9.9598
16.272,6.9849
16.282,13.01
16.292,9.0352
16.302,10.06
16.312,9.0854
16.322,9.1106
16.332,9.1357
16.342,10.161
16.352,6.1859
16.362,10.211
16.372,5.2362
16.382,13.261
16.392,9.2864
16.402,7.3116
16.412,7.3367
16.422,10.367
16.432,14.397
16.442,7.4271
16.452,13.457
16.462,7.4874
16.472,19.518
16.482,13.548
16.492,20.578
16.502,5.608
16.512,9.6382
16.522,8.6683
16.532,14.698
16.542,8.7286
16.552,12.759
16.562,8.7889
16.572,9.8191
16.582,4.8492
16.592,14.879
16.602,9.9095
16.612,9.9397
16.622,10.97
16.632,10
16.642,9.0302
16.652,10.06
16.662,16.09
16.672,10.121
16.682,7.1508
16.692,14.181
16.702,12.211
16.712,12.241
16.722,4.2714
16.732,7.3015
16.742,10.332
16.752,11.362
16.762,9.392
16.772,10.422
16.782,2.4523
16.792,6.4724
16.802,12.492
16.812,9.5126
16.822,15.533
16.832,9.5528
16.842,5.5729
16.852,13.593
16.862,11.613
16.872,11.633
16.882,12.653
16.892,9.6734
16.902,7.6935
16.912,8.7136
16.922,12.734
16.932,11.754
16.942,2.7739
16.952,5.794
16.962,4.8141
16.972,12.834
16.982,2.8543
16.992,4.8744
17.002,14.894
17.012,11.915
17.022,9.9347
17.032,4.9548
17.042,4.9749
17.052,8.995
17.062,6.0151
17.072,13.035
17.082,5.0553
17.092,9.0754
17.102,9.0955
17.112,6.1156
17.122,13.136
17.132,15.156
17.142,12.176
17.152,8.196
17.162,14.216
17.172,9.2362
17.182,6.2563
17.192,5.2764
17.202,1.2965
17.212,5.3065
17.222,10.317
17.232,8.3266
17.242,10.337
17.252,11.347
17.262,7.3568
17.272,11.367
17.282,7.3769
17.292,15.387
17.302,17.397
17.312,6.407
17.322,10.417
17.332,8.4271
17.342,8.4372
17.352,12.447
17.362,9.4573
17.372,8.4673
17.382,8.4774
17.392,13.487
17.402,0.49749
17.412,18.503
17.422,2.5075
17.432,16.513
17.442,11.518
17.452,5.5226
17.462,15.528
17.472,5.5327
17.482,15.538
17.492,12.543
17.502,11.548
17.512,9.5528
17.522,6.5578
17.532,5.5628
17.542,11.568
17.552,14.573
17.562,12.578
17.572,12.583
17.582,5.5879
17.592,10.593
17.602,9.598
17.612,9.603
17.622,6.608
17.632,7.6131
17.642,6.6181
17.652,9.6231
17.662,8.6281
17.672,12.633
17.682,8.6382
17.692,5.6432
17.702,8.6482
17.712,15.653
17.722,4.6583
17.732,7.6633
17.742,4.6683
17.752,8.6734
17.762,8.6784
17.772,6.6834
17.782,9.6884
17.792,14.693
17.802,7.6985
17.812,9.7035
17.822,12.709
17.832,4.7186
17.842,9.7286
17.852,8.7387
17.862,8.7487
17.872,11.759
17.882,6.7688
17.892,5.7789
17.902,3.7889
17.912,3.799
17.922,8.809
17.932,7.8191
17.942,5.8291
17.952,5.8392
17.962,11.849
17.972,7.8593
17.982,9.8693
17.992,5.8794
18.002,6.8894
18.013,8.8995
18.023,10.91
18.033,5.9196
18.043,6.9296
18.053,1.9397
18.063,8.9497
18.073,7.9598
18.083,8.9698
18.093,9.9799
18.103,6.9899
18.113,6
18.123,6.0101
18.133,6.0201
18.143,3.0302
18.153,11.04
18.163,9.0503
18.173,6.0603
18.183,9.0704
18.193,4.0804
18.203,7.0905
18.213,6.1005
18.223,11.111
18.233,9.1206
18.243,14.131
18.253,11.141
18.263,6.1508
18.273,11.161
18.283,9.1709
18.293,4.1809
18.303,7.191
18.313,4.201
18.323,5.2111
18.333,6.2211
18.343,11.231
18.353,6.2412
18.363,3.2513
18.373,7.2613
18.383,8.2714
18.393,6.2814
18.403,0.29146
18.413,2.2965
18.423,4.3015
18.433,11.307
18.443,8.3116
18.453,6.3166
18.463,5.3216
18.473,10.327
18.483,7.3317
18.493,5.3367
18.503,8.3417
18.513,14.347
18.523,6.3518
18.533,7.3568
18.543,6.3618
18.553,5.3668
18.563,8.3719
18.573,5.3769
18.583,4.3819
18.593,7.3869
18.603,5.392
18.613,8.397
18.623,3.402
18.633,7.407
18.643,3.4121
18.653,6.4171
18.663,6.4221
18.673,5.4271
18.683,3.4322
18.693,10.437
18.703,6.4422
18.713,6.4472
18.723,7.4523
18.733,3.4573
18.743,4.4623
18.753,6.4673
18.763,7.4724
18.773,1.4774
18.783,13.482
18.793,1.4874
18.803,5.4925
18.813,7.4975
18.823,8.5025
18.833,6.5075
18.843,2.5126
18.853,7.5176
18.863,4.5226
18.873,6.5276
18.883,4.5327
18.893,4.5377
18.903,3.5427
18.913,7.5477
18.923,10.553
18.933,5.5578
18.943,3.5628
18.953,3.5678
18.963,6.5729
18.973,4.5779
18.983,4.5829
18.993,4.5879
19.003,4.593
19.013,5.596
19.023,2.599
19.033,8.602
19.043,2.6051
19.053,9.6082
19.063,5.6114
19.073,4.6146
19.083,2.6178
19.093,6.6211
19.103,6.6243
19.113,3.6277
19.123,3.631
19.133,5.6344
19.143,7.6378
19.153,7.6413
19.163,6.6448
19.173,5.6484
19.183,3.6519
19.193,7.6556
19.203,7.6592
19.213,3.6629
19.223,5.6667
19.233,6.6705
19.243,4.6743
19.253,8.6782
19.263,5.6821
19.273,4.686
19.283,11.69
19.293,5.6941
19.303,3.6982
19.313,4.7024
19.323,1.7066
19.333,4.7108
19.343,8.7152
19.353,5.7195
19.363,2.7239
19.373,4.7284
19.383,8.7329
19.393,3.7375
19.403,6.7421
19.413,3.7468
19.423,5.7516
19.433,3.7564
19.443,3.7613
19.453,3.7662
19.463,6.7712
19.473,6.7763
19.483,4.7815
19.493,4.7867
19.503,4.7919
19.513,4.7973
19.523,3.8027
19.533,3.8082
19.543,10.814
19.553,6.8194
19.563,6.8252
19.573,1.831
19.583,2.8369
19.593,6.8429
19.603,7.8489
19.613,10.855
19.623,2.8613
19.633,5.8676
19.643,4.8741
19.653,6.8806
19.663,2.8872
19.673,2.8939
19.683,3.9008
19.693,6.9077
19.703,6.9147
19.713,0.92188
19.723,2.9291
19.733,4.9365
19.743,5.944
19.753,1.9516
19.763,6.9593
19.773,6.9672
19.783,6.9752
19.793,6.9833
19.803,1.9916
19.813,0
19.823,3
19.833,6
19.843,7
19.853,2
19.863,5
19.873,2
19.883,4
19.893,1
19.903,6
19.913,2
19.923,4
19.933,5
19.943,4
19.953,3
19.963,4
19.973,2
19.983,2
19.993,2
20.003,3
