kilo-Electron Volt [keV],Counts
0.100,256
0.110,75
0.120,7.1054E-15
0.130,87.146
0.140,723.08
0.150,1413
0.160,853
0.170,489.99
0.180,308
0.190,150.03
0.200,139.07
0.210,182.14
0.220,247.21
0.230,310.31
0.240,392.42
0.250,471.55
0.260,516.69
0.270,565.85
0.280,570.02
0.290,543.2
0.300,496.4
0.310,392.61
0.320,280.84
0.330,235.07
0.340,177.32
0.350,126.58
0.360,119.86
0.370,103.14
0.380,89.438
0.390,103.63
0.400,116.77
0.410,120.92
0.420,117.09
0.430,108.27
0.440,129.3
0.450,155.14
0.460,181.79
0.470,182.45
0.480,219.97
0.490,201.51
0.500,250.81
0.510,275.14
0.520,240.49
0.530,280.87
0.540,315.26
0.550,294.68
0.560,364.12
0.570,407.59
0.580,502.07
0.590,669.57
0.600,929.09
0.610,1405.6
0.620,1956.2
0.630,2572.8
0.640,3422.4
0.650,4081
0.660,4656.6
0.670,4928.3
0.680,4976.9
0.690,4668.6
0.700,4217.3
0.710,3428.1
0.720,2889.8
0.730,2002.5
0.740,1407.3
0.750,919.08
0.760,624.88
0.770,417.69
0.780,285.51
0.790,240.35
0.800,214.2
0.810,193.06
0.820,229.92
0.830,194.79
0.840,210.57
0.850,214.34
0.860,227.05
0.870,242.77
0.880,240.51
0.890,226.26
0.900,254.02
0.910,252.8
0.920,250.59
0.930,263.4
0.940,266.22
0.950,247.05
0.960,261.89
0.970,273.75
0.980,280.62
0.990,284.5
1.000,269.39
1.010,284.29
1.020,300.21
1.030,320.13
1.040,341.07
1.050,333.02
1.060,326.98
1.070,383.95
1.080,395.93
1.090,339.92
1.100,398.36
1.110,321.79
1.120,411.23
1.130,397.67
1.140,431.11
1.150,406.54
1.160,370.98
1.170,379.42
1.180,391.85
1.190,402.29
1.200,403.73
1.210,425.17
1.220,465.6
1.230,454.04
1.240,432.48
1.250,449.91
1.260,477.35
1.270,502.79
1.280,465.23
1.290,473.66
1.300,510.1
1.310,467.54
1.320,518.97
1.330,552.41
1.340,496.85
1.350,568.29
1.360,504.72
1.370,528.16
1.380,564.6
1.390,533.04
1.400,577.47
1.410,573.91
1.420,560.35
1.430,606.78
1.440,580.22
1.450,636.66
1.460,645.1
1.470,683.53
1.480,673.97
1.490,737.41
1.500,741.84
1.510,912.28
1.520,972.72
1.530,1065.2
1.540,1088.6
1.550,1090
1.560,1124.5
1.570,1156.9
1.580,1175.3
1.590,1233.8
1.600,1260.2
1.610,1279.7
1.620,1289.1
1.630,1300.5
1.640,1375
1.650,1393.4
1.660,1415.8
1.670,1564.3
1.680,1571.7
1.690,1785.2
1.700,2296.6
1.710,3198
1.720,4605.5
1.730,6336.9
1.740,8971.3
1.750,12126
1.760,15871
1.770,19657
1.780,23602
1.790,27182
1.800,29602
1.810,31081
1.820,31328
1.830,30905
1.840,29720
1.850,27640
1.860,24846
1.870,21992
1.880,18985
1.890,16274
1.900,13597
1.910,10830
1.920,8733.2
1.930,6929.6
1.940,5333.1
1.950,4050.5
1.960,2951
1.970,2222.4
1.980,1625.8
1.990,1146.3
2.000,805.7
2.010,642.14
2.020,445.58
2.030,308.02
2.040,231.45
2.050,182.89
2.060,145.33
2.070,97.764
2.080,76.201
2.090,90.638
2.100,48.075
2.110,40.513
2.120,89.337
2.130,96.281
2.140,101.23
2.150,112.17
2.160,151.12
2.170,122.06
2.180,141.01
2.190,145.95
2.200,129.89
2.210,110.84
2.220,101.78
2.230,99.729
2.240,103.67
2.250,95.618
2.260,91.563
2.270,74.508
2.280,50.452
2.290,48.397
2.300,48.342
2.310,30.286
2.320,55.191
2.330,36.095
2.340,36.99
2.350,49.834
2.360,69.678
2.370,67.523
2.380,57.442
2.390,63.402
2.400,62.362
2.410,42.322
2.420,51.281
2.430,51.352
2.440,47.558
2.450,35.905
2.460,44.251
2.470,79.709
2.480,92.166
2.490,61.804
2.500,66.442
2.510,54.08
2.520,46.719
2.530,61.357
2.540,33.995
2.550,59.503
2.560,106.01
2.570,105.51
2.580,73.01
2.590,86.513
2.600,77.015
2.610,87.518
2.620,113.02
2.630,108.6
2.640,95.176
2.650,91.754
2.660,100.33
2.670,103.91
2.680,68.487
2.690,71.065
2.700,85.643
2.710,58.221
2.720,73.799
2.730,98.377
2.740,86.955
2.750,80.533
2.760,83.111
2.770,66.688
2.780,61.266
2.790,57.844
2.800,66.422
2.810,63.101
2.820,62.779
2.830,82.543
2.840,103.33
2.850,108.19
2.860,90.04
2.870,87.894
2.880,123.75
2.890,180.6
2.900,206.46
2.910,248.31
2.920,325.21
2.930,384.11
2.940,477.01
2.950,566.91
2.960,599.81
2.970,652.71
2.980,648.61
2.990,644.51
3.000,652.52
3.010,609.53
3.020,556.54
3.030,467.55
3.040,398.56
3.050,338.57
3.060,271.58
3.070,267.59
3.080,279.6
3.090,270.61
3.100,243.62
3.110,265.63
3.120,323.64
3.130,324.65
3.140,313.66
3.150,326.67
3.160,364.68
3.170,364.69
3.180,341.7
3.190,306.71
3.200,293.72
3.210,268.73
3.220,233.74
3.230,220.75
3.240,206.76
3.250,179.77
3.260,173.78
3.270,167.79
3.280,141.8
3.290,145.81
3.300,138.82
3.310,119.83
3.320,143.84
3.330,149.85
3.340,144.86
3.350,152.87
3.360,157.88
3.370,132.89
3.380,130.9
3.390,130.91
3.400,100.92
3.410,133.93
3.420,139.94
3.430,125.95
3.440,119.96
3.450,86.97
3.460,103.98
3.470,127.99
3.480,114
3.490,115.01
3.500,111.02
3.510,97.03
3.520,113.04
3.530,114.05
3.540,97.06
3.550,113.27
3.560,96.482
3.570,77.693
3.580,97.905
3.590,92.116
3.600,96.327
3.610,125.54
3.620,134.75
3.630,117.96
3.640,101.17
3.650,115.38
3.660,124.59
3.670,116.8
3.680,118.02
3.690,108.23
3.700,127.44
3.710,152.65
3.720,136.86
3.730,109.07
3.740,116.28
3.750,103.49
3.760,86.704
3.770,111.91
3.780,95.126
3.790,88.337
3.800,91.548
3.810,106.76
3.820,113.97
3.830,84.181
3.840,81.392
3.850,81.603
3.860,79.814
3.870,71.025
3.880,87.236
3.890,92.447
3.900,92.658
3.910,89.869
3.920,82.08
3.930,112.29
3.940,130.5
3.950,101.71
3.960,87.925
3.970,92.136
3.980,94.347
3.990,109.56
4.000,93.769
4.010,78.98
4.020,90.191
4.030,83.402
4.040,78.613
4.050,84.824
4.060,59.035
4.070,91.246
4.080,122.46
4.090,90.668
4.100,83.879
4.110,106.15
4.120,121.41
4.130,97.678
4.140,97.945
4.150,81.211
4.160,60.477
4.170,78.744
4.180,71.01
4.190,66.276
4.200,80.543
4.210,89.864
4.220,105.19
4.230,74.508
4.240,70.829
4.250,83.151
4.260,84.472
4.270,68.794
4.280,88.116
4.290,67.437
4.300,99.759
4.310,86.121
4.320,89.482
4.330,95.854
4.340,101.28
4.350,81.698
4.360,79.121
4.370,84.543
4.380,77.965
4.390,78.387
4.400,97.809
4.410,82.231
4.420,87.653
4.430,94.075
4.440,103.5
4.450,122.93
4.460,102.36
4.470,102.79
4.480,90.226
4.490,103.66
4.500,96.09
4.510,74.523
4.520,79.955
4.530,76.387
4.540,86.95
4.550,98.518
4.560,106.09
4.570,86.653
4.580,88.221
4.590,79.789
4.600,82.357
4.610,63.925
4.620,94.417
4.630,94.91
4.640,108.47
4.650,76.025
4.660,83.583
4.670,115.15
4.680,110.71
4.690,96.271
4.700,91.834
4.710,83.397
4.720,95.96
4.730,118.52
4.740,119.09
4.750,110.65
4.760,81.211
4.770,76.774
4.780,91.337
4.790,57.899
4.800,88.387
4.810,114.87
4.820,91.362
4.830,65.849
4.840,90.337
4.850,92.824
4.860,74.312
4.870,96.824
4.880,82.337
4.890,103.85
4.900,54.362
4.910,92.829
4.920,97.296
4.930,68.764
4.940,67.231
4.950,122.71
4.960,73.186
4.970,57.663
4.980,36.141
4.990,85.563
5.000,102.98
5.010,80.407
5.020,80.829
5.030,113.25
5.040,92.673
5.050,78.095
5.060,82.518
5.070,76.94
5.080,76.362
5.090,72.784
5.100,92.206
5.110,69.628
5.120,101.05
5.130,100.47
5.140,71.894
5.150,88.317
5.160,91.739
5.170,99.161
5.180,85.583
5.190,83.005
5.200,109.43
5.210,88.97
5.220,85.513
5.230,70.055
5.240,70.598
5.250,98.141
5.260,96.683
5.270,73.226
5.280,69.769
5.290,109.31
5.300,121.85
5.310,121.4
5.320,153.94
5.330,129.48
5.340,170.03
5.350,162.57
5.360,161.11
5.370,161.65
5.380,212.2
5.390,187.74
5.400,181.28
5.410,194.82
5.420,161.37
5.430,178.91
5.440,196.45
5.450,133.99
5.460,164.54
5.470,163.08
5.480,148.62
5.490,149.17
5.500,122.71
5.510,144.25
5.520,99.794
5.530,23.337
5.540,84.678
5.550,55.02
5.560,83.362
5.570,87.704
5.580,86.045
5.590,75.387
5.600,102.73
5.610,69.07
5.620,78.412
5.630,68.754
5.640,75.095
5.650,67.447
5.660,80.799
5.670,85.151
5.680,97.503
5.690,79.854
5.700,82.206
5.710,87.558
5.720,81.91
5.730,115.26
5.740,91.613
5.750,72.965
5.760,102.32
5.770,48.668
5.780,85.02
5.790,91.372
5.800,90.724
5.810,97.08
5.820,95.437
5.830,80.794
5.840,73.271
5.850,115.75
5.860,101.23
5.870,108.7
5.880,71.181
5.890,135.66
5.900,102.14
5.910,106.61
5.920,112.09
5.930,127.57
5.940,103.05
5.950,105.52
5.960,77
5.970,98.477
5.980,122.95
5.990,102.43
6.000,69.91
6.010,63.387
6.020,84.864
6.030,74.342
6.040,61.819
6.050,109.3
6.060,113.77
6.070,53.251
6.080,75.729
6.090,97.206
6.100,91.683
6.110,81.161
6.120,60.638
6.130,82.116
6.140,83.593
6.150,64.07
6.160,58.548
6.170,68.025
6.180,55.503
6.190,39.98
6.200,97.402
6.210,80.824
6.220,56.246
6.230,73.668
6.240,94.09
6.250,64.543
6.260,118.99
6.270,119.45
6.280,100.9
6.290,129.35
6.300,154.8
6.310,158.26
6.320,210.71
6.330,255.16
6.340,262.61
6.350,296.07
6.360,285.52
6.370,321.98
6.380,393.44
6.390,330.9
6.400,349.37
6.410,355.83
6.420,387.29
6.430,327.75
6.440,302.22
6.450,294.68
6.460,264.14
6.470,260.6
6.480,214.07
6.490,159.53
6.500,170.99
6.510,103.45
6.520,145.91
6.530,92.417
6.540,131.92
6.550,78.422
6.560,112.92
6.570,76.427
6.580,104.93
6.590,80.432
6.600,72.935
6.610,67.437
6.620,46.94
6.630,59.377
6.640,63.814
6.650,47.251
6.660,65.683
6.670,69.116
6.680,101.55
6.690,56.98
6.700,106.41
6.710,88.844
6.720,62.276
6.730,83.709
6.740,70.141
6.750,83.573
6.760,76.005
6.770,98.437
6.780,51.869
6.790,58.296
6.800,62.724
6.810,90.151
6.820,82.578
6.830,73.06
6.840,76.543
6.850,50.025
6.860,54.482
6.870,61.94
6.880,51.397
6.890,60.854
6.900,87.312
6.910,74.769
6.920,96.226
6.930,51.683
6.940,57.131
6.950,81.583
6.960,67.035
6.970,42.487
6.980,82.884
6.990,122.28
7.000,57.678
7.010,102.08
7.020,83.472
7.030,103.87
7.040,117.27
7.050,70.663
7.060,86.06
7.070,117.46
7.080,100.85
7.090,112.25
7.100,92.648
7.110,49.045
7.120,76.442
7.130,108.84
7.140,55.256
7.150,65.673
7.160,85.09
7.170,93.508
7.180,98.925
7.190,27.342
7.200,37.638
7.210,59.935
7.220,70.231
7.230,84.528
7.240,89.824
7.250,78.121
7.260,57.417
7.270,53.714
7.280,57.01
7.290,69.307
7.300,57.603
7.310,99.899
7.320,79.221
7.330,89.543
7.340,90.864
7.350,68.186
7.360,46.508
7.370,90.829
7.380,93.151
7.390,94.472
7.400,56.794
7.410,69.116
7.420,111.44
7.430,95.759
7.440,94.08
7.450,120.43
7.460,63.784
7.470,99.136
7.480,119.49
7.490,88.839
7.500,119.19
7.510,94.543
7.520,128.89
7.530,64.246
7.540,51.598
7.550,78.95
7.560,80.302
7.570,60.653
7.580,61.005
7.590,80.357
7.600,68.709
7.610,74.06
7.620,72.412
7.630,39.764
7.640,55.106
7.650,67.447
7.660,65.789
7.670,69.146
7.680,43.503
7.690,50.859
7.700,53.216
7.710,68.573
7.720,57.93
7.730,59.286
7.740,52.643
7.750,76
7.760,49.357
7.770,57.714
7.780,53.07
7.790,44.427
7.800,70.779
7.810,76.131
7.820,21.482
7.830,73.714
7.840,54.945
7.850,50.176
7.860,59.442
7.870,43.709
7.880,63.03
7.890,72.352
7.900,52.673
7.910,68.995
7.920,90.317
7.930,54.638
7.940,61.96
7.950,37.281
7.960,39.603
7.970,71.925
7.980,36.246
7.990,60.568
8.000,43.889
8.010,49.211
8.020,53.533
8.030,88.854
8.040,96.176
8.050,66.497
8.060,49.819
8.070,94.141
8.080,70.462
8.090,69.784
8.100,66.106
8.110,51.427
8.120,63.749
8.130,39.07
8.140,74.392
8.150,63.714
8.160,73.035
8.170,35.357
8.180,51.678
8.190,92
8.200,61.322
8.210,49.643
8.220,96.965
8.230,28.286
8.240,67.578
8.250,49.869
8.260,57.161
8.270,72.452
8.280,40.744
8.290,59.095
8.300,51.447
8.310,81.799
8.320,77.151
8.330,52.503
8.340,44.854
8.350,30.206
8.360,68.558
8.370,73.91
8.380,51.261
8.390,60.613
8.400,54.965
8.410,36.317
8.420,49.668
8.430,45.02
8.440,38.372
8.450,43.724
8.460,65.075
8.470,76.427
8.480,72.779
8.490,60.131
8.500,52.482
8.510,27.834
8.520,47.146
8.530,50.457
8.540,50.769
8.550,77.08
8.560,55.392
8.570,29.704
8.580,57.015
8.590,53.327
8.600,44.638
8.610,52.95
8.620,56.261
8.630,48.573
8.640,73.884
8.650,46.196
8.660,57.508
8.670,33.819
8.680,45.131
8.690,65.442
8.700,39.754
8.710,47.065
8.720,42.377
8.730,62.688
8.740,63
8.750,68.312
8.760,50.623
8.770,84.935
8.780,51.246
8.790,70.558
8.800,41.869
8.810,26.181
8.820,28.437
8.830,44.693
8.840,55.95
8.850,56.206
8.860,88.462
8.870,90.719
8.880,56.985
8.890,54.251
8.900,58.518
8.910,67.784
8.920,74.05
8.930,28.317
8.940,41.578
8.950,73.839
8.960,55.101
8.970,53.392
8.980,64.683
8.990,49.975
9.000,84.266
9.010,53.558
9.020,52.849
9.030,55.141
9.040,48.432
9.050,51.724
9.060,39.015
9.070,37.307
9.080,49.598
9.090,65.889
9.100,77.181
9.110,35.472
9.120,29.764
9.130,38.035
9.140,49.327
9.150,50.618
9.160,47.925
9.170,44.231
9.180,40.538
9.190,40.844
9.200,79.151
9.210,47.457
9.220,62.764
9.230,56.07
9.240,61.377
9.250,58.683
9.260,63.99
9.270,44.296
9.280,72.603
9.290,60.91
9.300,30.216
9.310,42.497
9.320,66.779
9.330,50.06
9.340,74.342
9.350,53.623
9.360,72.905
9.370,49.186
9.380,56.467
9.390,63.749
9.400,58.03
9.410,62.312
9.420,60.593
9.430,27.874
9.440,44.126
9.450,65.377
9.460,63.628
9.470,66.879
9.480,60.131
9.490,49.382
9.500,32.633
9.510,41.884
9.520,50.136
9.530,52.387
9.540,57.638
9.550,60.889
9.560,43.141
9.570,75.407
9.580,57.683
9.590,40.96
9.600,34.236
9.610,76.513
9.620,58.789
9.630,65.111
9.640,39.432
9.650,30.754
9.660,39.06
9.670,63.367
9.680,44.673
9.690,50.98
9.700,55.286
9.710,53.593
9.720,66.899
9.730,41.206
9.740,55.513
9.750,48.819
9.760,37.126
9.770,73.432
9.780,41.739
9.790,49.045
9.800,45.352
9.810,59.658
9.820,51.965
9.830,63.271
9.840,29.578
9.850,49.849
9.860,19.121
9.870,54.337
9.880,45.553
9.890,39.769
9.900,35.985
9.910,38.201
9.920,39.417
9.930,43.633
9.940,39.849
9.950,44.065
9.960,46.281
9.970,71.497
9.980,34.714
9.990,62.93
10.000,34.146
10.010,32.362
10.020,50.578
10.030,48.809
10.040,42.04
10.050,38.271
10.060,43.503
10.070,36.734
10.080,39.965
10.090,39.271
10.100,38.578
10.110,42.884
10.120,61.191
10.130,51.497
10.140,43.804
10.150,40.111
10.160,46.417
10.170,61.724
10.180,55.03
10.190,48.337
10.200,50.643
10.210,56.95
10.220,83.256
10.230,48.563
10.240,57.869
10.250,60.176
10.260,47.482
10.270,17.789
10.280,37.035
10.290,52.281
10.300,38.528
10.310,61.774
10.320,48.02
10.330,62.266
10.340,17.513
10.350,36.749
10.360,58.985
10.370,37.221
10.380,32.457
10.390,35.693
10.400,36.93
10.410,29.166
10.420,50.402
10.430,62.638
10.440,33.874
10.450,35.111
10.460,34.347
10.470,51.583
10.480,46.819
10.490,56.055
10.500,38.291
10.510,56.528
10.520,50.764
10.530,24
10.540,61.236
10.550,48.472
10.560,54.709
10.570,34.96
10.580,33.211
10.590,40.462
10.600,47.714
10.610,35.965
10.620,55.216
10.630,50.467
10.640,55.719
10.650,31.97
10.660,39.221
10.670,46.472
10.680,33.724
10.690,31.975
10.700,51.226
10.710,52.477
10.720,56.729
10.730,52.98
10.740,67.231
10.750,29.482
10.760,55.734
10.770,40.985
10.780,28.236
10.790,42.487
10.800,40.739
10.810,42.99
10.820,50.241
10.830,41.492
10.840,59.744
10.850,45.995
10.860,28.246
10.870,67.487
10.880,48.729
10.890,32.97
10.900,60.211
10.910,33.452
10.920,52.693
10.930,53.935
10.940,43.176
10.950,24.417
10.960,38.628
10.970,56.839
10.980,47.05
10.990,40.261
11.000,65.497
11.010,29.734
11.020,57.97
11.030,58.206
11.040,36.442
11.050,49.678
11.060,40.915
11.070,54.151
11.080,57.387
11.090,47.623
11.100,53.859
11.110,35.095
11.120,24.332
11.130,46.548
11.140,21.764
11.150,46.965
11.160,30.166
11.170,44.367
11.180,60.568
11.190,34.769
11.200,58.97
11.210,32.171
11.220,39.372
11.230,42.573
11.240,71.774
11.250,44.975
11.260,44.176
11.270,54.377
11.280,32.578
11.290,57.779
11.300,37.98
11.310,59.181
11.320,43.382
11.330,43.583
11.340,30.784
11.350,45.985
11.360,37.186
11.370,40.392
11.380,36.598
11.390,44.804
11.400,41.01
11.410,54.216
11.420,47.422
11.430,53.628
11.440,40.834
11.450,41.04
11.460,47.246
11.470,59.452
11.480,35.658
11.490,51.884
11.500,39.111
11.510,32.337
11.520,56.563
11.530,38.789
11.540,47.02
11.550,27.251
11.560,25.467
11.570,43.673
11.580,45.884
11.590,49.095
11.600,39.307
11.610,17.518
11.620,38.683
11.630,31.849
11.640,33.015
11.650,63.181
11.660,43.347
11.670,69.513
11.680,25.678
11.690,34.844
11.700,40.01
11.710,35.176
11.720,41.342
11.730,39.508
11.740,31.698
11.750,47.889
11.760,48.08
11.770,24.271
11.780,42.462
11.790,45.653
11.800,51.844
11.810,34.035
11.820,33.226
11.830,32.417
11.840,33.608
11.850,45.799
11.860,32.99
11.870,36.181
11.880,51.372
11.890,27.563
11.900,39.754
11.910,27.945
11.920,33.136
11.930,61.327
11.940,45.518
11.950,40.709
11.960,29.899
11.970,51.09
11.980,41.281
11.990,33.472
12.000,33.663
12.010,21.854
12.020,40.03
12.030,59.206
12.040,36.382
12.050,38.558
12.060,37.734
12.070,7.9095
12.080,32.01
12.090,35.111
12.100,35.211
12.110,48.312
12.120,37.412
12.130,37.513
12.140,31.613
12.150,22.714
12.160,31.814
12.170,24.915
12.180,22.015
12.190,45.116
12.200,20.216
12.210,31.317
12.220,22.417
12.230,31.518
12.240,49.618
12.250,32.719
12.260,23.819
12.270,42.92
12.280,26.02
12.290,23.121
12.300,31.221
12.310,27.322
12.320,38.422
12.330,31.523
12.340,38.623
12.350,33.724
12.360,43.824
12.370,38.925
12.380,51.025
12.390,45.126
12.400,40.226
12.410,29.327
12.420,46.427
12.430,31.528
12.440,16.628
12.450,28.729
12.460,32.829
12.470,34.93
12.480,45.03
12.490,31.131
12.500,43.231
12.510,21.332
12.520,34.432
12.530,31.533
12.540,36.633
12.550,9.7337
12.560,43.819
12.570,44.905
12.580,26.99
12.590,39.075
12.600,41.171
12.610,24.266
12.620,31.362
12.630,36.457
12.640,34.553
12.650,26.648
12.660,22.749
12.670,15.854
12.680,29.975
12.690,33.095
12.700,34.216
12.710,40.337
12.720,33.457
12.730,41.578
12.740,26.698
12.750,28.834
12.760,31.97
12.770,20.106
12.780,15.241
12.790,34.377
12.800,48.513
12.810,32.648
12.820,32.784
12.830,28.965
12.840,20.146
12.850,32.327
12.860,26.508
12.870,38.688
12.880,16.869
12.890,23.05
12.900,33.231
12.910,43.412
12.920,21.593
12.930,22.774
12.940,17.955
12.950,22.136
12.960,26.317
12.970,24.497
12.980,10.678
12.990,27.834
13.000,27.99
13.010,28.146
13.020,34.302
13.030,30.457
13.040,34.613
13.050,38.769
13.060,21.925
13.070,46.08
13.080,34.236
13.090,32.392
13.100,32.548
13.110,33.704
13.120,39.859
13.130,43.015
13.140,33.171
13.150,28.327
13.160,14.482
13.170,27.638
13.180,18.794
13.190,29.95
13.200,23.106
13.210,26.261
13.220,39.417
13.230,40.573
13.240,23.729
13.250,35.884
13.260,20.04
13.270,23.196
13.280,25.352
13.290,21.508
13.300,37.663
13.310,25.819
13.320,36.975
13.330,38.131
13.340,25.286
13.350,15.442
13.360,20.593
13.370,25.744
13.380,33.894
13.390,26.045
13.400,39.196
13.410,58.347
13.420,33.497
13.430,16.648
13.440,29.799
13.450,30.95
13.460,21.111
13.470,13.271
13.480,28.412
13.490,23.553
13.500,44.693
13.510,39.834
13.520,12.975
13.530,39.111
13.540,41.246
13.550,41.382
13.560,12.518
13.570,32.648
13.580,24.779
13.590,24.91
13.600,41.04
13.610,39.171
13.620,31.302
13.630,28.432
13.640,23.563
13.650,34.693
13.660,21.824
13.670,17.955
13.680,33.085
13.690,32.216
13.700,46.347
13.710,27.477
13.720,9.608
13.730,25.714
13.740,36.819
13.750,31.925
13.760,36.03
13.770,32.136
13.780,32.241
13.790,19.347
13.800,15.452
13.810,41.558
13.820,39.663
13.830,40.769
13.840,40.874
13.850,40.98
13.860,42.085
13.870,41.191
13.880,40.296
13.890,66.402
13.900,69.508
13.910,81.613
13.920,101.72
13.930,138.82
13.940,174.93
13.950,181.04
13.960,241.14
13.970,270.25
13.980,333.35
13.990,354.46
14.000,410.56
14.010,443.67
14.020,588.77
14.030,591.88
14.040,729.98
14.050,743.09
14.060,838.2
14.070,919.3
14.080,944.41
14.090,957.51
14.100,1028.6
14.110,1065.7
14.120,1059.8
14.130,1078.9
14.140,1151
14.150,1151.1
14.160,1058.3
14.170,1034.4
14.180,943.46
14.190,905.57
14.200,888.67
14.210,776.78
14.220,754.88
14.230,680.99
14.240,555.1
14.250,518.2
14.260,457.31
14.270,396.41
14.280,294.52
14.290,258.62
14.300,215.73
14.310,182.84
14.320,146.96
14.330,115.08
14.340,93.191
14.350,99.307
14.360,86.467
14.370,57.628
14.380,55.789
14.390,23.95
14.400,37.111
14.410,37.271
14.420,48.432
14.430,21.613
14.440,32.794
14.450,18.975
14.460,40.156
14.470,32.337
14.480,36.518
14.490,21.698
14.500,29.879
14.510,19.06
14.520,25.241
14.530,24.422
14.540,24.603
14.550,31.784
14.560,27.965
14.570,32.146
14.580,18.327
14.590,29.497
14.600,20.668
14.610,42.839
14.620,29.01
14.630,22.181
14.640,18.357
14.650,17.528
14.660,14.693
14.670,34.844
14.680,14.995
14.690,30.146
14.700,28.296
14.710,39.447
14.720,26.598
14.730,12.749
14.740,29.884
14.750,29.02
14.760,30.156
14.770,27.291
14.780,26.427
14.790,25.563
14.800,31.698
14.810,4.8342
14.820,34.925
14.830,23.015
14.840,24.106
14.850,13.196
14.860,33.286
14.870,24.377
14.880,30.467
14.890,24.558
14.900,39.648
14.910,26.739
14.920,34.829
14.930,16.92
14.940,17.01
14.950,26.101
14.960,22.191
14.970,37.281
14.980,28.372
14.990,31.462
15.000,17.553
15.010,13.653
15.020,29.754
15.030,12.854
15.040,9.9548
15.050,31.055
15.060,18.156
15.070,26.256
15.080,24.357
15.090,30.457
15.100,23.558
15.110,27.658
15.120,26.759
15.130,34.859
15.140,29.96
15.150,16.06
15.160,20.161
15.170,30.261
15.180,36.362
15.190,23.462
15.200,12.563
15.210,37.663
15.220,14.764
15.230,16.864
15.240,9.9648
15.250,16.065
15.260,13.166
15.270,17.276
15.280,11.387
15.290,19.497
15.300,29.608
15.310,20.719
15.320,32.829
15.330,13.94
15.340,29.05
15.350,22.161
15.360,25.271
15.370,13.382
15.380,34.492
15.390,21.603
15.400,26.714
15.410,24.824
15.420,21.935
15.430,18.045
15.440,9.1558
15.450,12.256
15.460,24.357
15.470,33.457
15.480,36.558
15.490,20.658
15.500,31.759
15.510,11.859
15.520,30.96
15.530,31.06
15.540,12.161
15.550,21.261
15.560,22.362
15.570,39.462
15.580,33.563
15.590,26.663
15.600,37.764
15.610,39.864
15.620,31.965
15.630,36.065
15.640,31.166
15.650,58.266
15.660,56.367
15.670,70.467
15.680,79.573
15.690,52.678
15.700,65.789
15.710,86.899
15.720,107.01
15.730,120.12
15.740,144.23
15.750,135.34
15.760,148.45
15.770,137.56
15.780,165.67
15.790,175.78
15.800,173.89
15.810,163.01
15.820,179.12
15.830,164.23
15.840,191.34
15.850,147.45
15.860,169.56
15.870,144.67
15.880,118.78
15.890,124.89
15.900,114
15.910,118.11
15.920,93.221
15.930,86.332
15.940,92.442
15.950,61.553
15.960,73.663
15.970,69.774
15.980,52.884
15.990,71.995
16.000,46.106
16.010,59.216
16.020,43.327
16.030,59.437
16.040,40.548
16.050,39.658
16.060,36.769
16.070,37.879
16.080,44.99
16.090,34.101
16.100,41.211
16.110,39.322
16.120,50.432
16.130,34.543
16.140,32.653
16.150,34.764
16.160,31.874
16.170,16.985
16.180,29.095
16.190,27.206
16.200,22.317
16.210,28.427
16.220,20.538
16.230,23.648
16.240,20.759
16.250,31.869
16.260,23.98
16.270,26.095
16.280,18.211
16.290,16.327
16.300,23.432
16.310,31.538
16.320,26.643
16.330,17.749
16.340,7.8543
16.350,13.915
16.360,20.975
16.370,17.035
16.380,17.095
16.390,16.156
16.400,22.216
16.410,4.2764
16.420,4.3166
16.430,23.357
16.440,17.397
16.450,8.4372
16.460,15.477
16.470,16.518
16.480,15.558
16.490,25.598
16.500,14.638
16.510,19.678
16.520,21.719
16.530,12.759
16.540,19.799
16.550,11.839
16.560,10.879
16.570,11.92
16.580,8.9598
16.590,24
16.600,20.04
16.610,11.08
16.620,4.1206
16.630,9.1608
16.640,13.201
16.650,30.241
16.660,19.281
16.670,14.322
16.680,16.362
16.690,12.402
16.700,20.442
16.710,6.4824
16.720,19.523
16.730,14.563
16.740,17.603
16.750,18.643
16.760,16.683
16.770,19.724
16.780,20.764
16.790,17.804
16.800,17.844
16.810,14.884
16.820,17.925
16.830,20.965
16.840,17.005
16.850,18.045
16.860,28.095
16.870,11.146
16.880,15.196
16.890,15.246
16.900,17.296
16.910,19.347
16.920,19.397
16.930,15.447
16.940,17.497
16.950,20.548
16.960,22.598
16.970,17.648
16.980,15.698
16.990,3.7487
17.000,12.789
17.010,9.8291
17.020,7.8693
17.030,12.91
17.040,20.95
17.050,7.9899
17.060,25.03
17.070,27.07
17.080,10.116
17.090,17.161
17.100,13.206
17.110,16.251
17.120,16.296
17.130,15.342
17.140,7.3869
17.150,20.432
17.160,8.4774
17.170,12.523
17.180,16.568
17.190,10.613
17.200,7.6583
17.210,24.704
17.220,11.749
17.230,11.794
17.240,10.839
17.250,2.8844
17.260,11.92
17.270,7.9548
17.280,7.9899
17.290,16.025
17.300,12.06
17.310,7.0955
17.320,15.131
17.330,14.166
17.340,13.201
17.350,21.236
17.360,15.271
17.370,14.307
17.380,15.342
17.390,12.377
17.400,7.4121
17.410,22.447
17.420,10.482
17.430,8.5176
17.440,18.553
17.450,13.588
17.460,11.623
17.470,14.658
17.480,13.693
17.490,14.729
17.500,13.764
17.510,19.799
17.520,13.834
17.530,16.869
17.540,9.9045
17.550,13.94
17.560,12.975
17.570,14.01
17.580,21.045
17.590,10.08
17.600,4.1156
17.610,17.151
17.620,17.186
17.630,9.2211
17.640,13.256
17.650,12.291
17.660,3.3266
17.670,15.357
17.680,2.3869
17.690,15.412
17.700,9.4372
17.710,20.462
17.720,17.487
17.730,14.513
17.740,11.538
17.750,11.563
17.760,10.588
17.770,16.613
17.780,16.638
17.790,17.663
17.800,20.688
17.810,10.714
17.820,10.744
17.830,18.774
17.840,16.804
17.850,14.834
17.860,11.864
17.870,15.894
17.880,12.925
17.890,14.955
17.900,4.9849
17.910,4.0151
17.920,14.045
17.930,7.0754
17.940,9.1055
17.950,11.136
17.960,16.166
17.970,18.196
17.980,16.226
17.990,13.261
18.000,13.296
18.010,4.3317
18.020,8.3668
18.030,10.402
18.040,15.437
18.050,10.472
18.060,11.508
18.070,5.5427
18.080,5.5779
18.090,8.6131
18.100,5.6482
18.110,13.683
18.120,14.719
18.130,12.754
18.140,3.7889
18.150,9.8241
18.160,12.859
18.170,13.894
18.180,16.93
18.190,10.965
18.200,8
18.210,23.035
18.220,14.07
18.230,12.106
18.240,7.1407
18.250,3.1759
18.260,7.206
18.270,13.236
18.280,12.266
18.290,10.296
18.300,5.3266
18.310,9.3568
18.320,9.3869
18.330,10.417
18.340,6.4472
18.350,7.4774
18.360,10.508
18.370,10.538
18.380,18.568
18.390,9.598
18.400,15.628
18.410,11.658
18.420,11.688
18.430,7.7186
18.440,10.749
18.450,11.779
18.460,8.809
18.470,4.8392
18.480,9.8693
18.490,7.8995
18.500,3.9296
18.510,10.96
18.520,5.9899
18.530,14.02
18.540,12.05
18.550,16.08
18.560,8.1106
18.570,15.141
18.580,10.171
18.590,11.201
18.600,7.2312
18.610,3.2613
18.620,10.286
18.630,12.312
18.640,15.337
18.650,8.3618
18.660,7.3869
18.670,11.412
18.680,10.437
18.690,11.462
18.700,10.487
18.710,4.5126
18.720,4.5377
18.730,7.5628
18.740,9.5879
18.750,7.6131
18.760,6.6382
18.770,7.6633
18.780,10.688
18.790,19.714
18.800,12.739
18.810,13.764
18.820,13.789
18.830,5.8141
18.840,1.8392
18.850,8.8543
18.860,5.8693
18.870,8.8844
18.880,6.8995
18.890,8.9146
18.900,2.9296
18.910,3.9447
18.920,4.9598
18.930,5.9749
18.940,10.99
18.950,13.005
18.960,9.0201
18.970,5.0352
18.980,4.0503
18.990,17.065
19.000,12.08
19.010,10.091
19.020,11.102
19.030,6.1122
19.040,9.1231
19.050,13.134
19.060,1.1451
19.070,15.151
19.080,3.1571
19.090,4.1632
19.100,8.1693
19.110,12.176
19.120,10.182
19.130,10.188
19.140,8.1946
19.150,15.201
19.160,7.2077
19.170,13.214
19.180,3.221
19.190,5.2278
19.200,7.2346
19.210,10.242
19.220,10.249
19.230,6.2557
19.240,3.2629
19.250,7.2701
19.260,3.2775
19.270,14.285
19.280,10.292
19.290,12.3
19.300,7.3077
19.310,14.315
19.320,7.3234
19.330,9.3313
19.340,8.3394
19.350,5.3476
19.360,4.3558
19.370,9.3642
19.380,2.3727
19.390,9.3812
19.400,7.3899
19.410,13.399
19.420,2.4076
19.430,4.4167
19.440,10.426
19.450,10.435
19.460,3.4444
19.470,7.4539
19.480,6.4636
19.490,3.4733
19.500,9.4832
19.510,5.4932
19.520,10.503
19.530,10.514
19.540,5.5241
19.550,6.5347
19.560,5.5455
19.570,3.5563
19.580,14.567
19.590,8.5786
19.600,4.5899
19.610,8.6014
19.620,4.6131
19.630,8.625
19.640,4.637
19.650,7.6493
19.660,8.6617
19.670,6.6742
19.680,3.687
19.690,3.7
19.700,5.7132
19.710,4.7266
19.720,9.7402
19.730,9.754
19.740,5.768
19.750,10.782
19.760,5.7967
19.770,8.8115
19.780,12.826
19.790,10.842
19.800,0.85714
19.810,10.864
19.820,5.8718
19.830,3.8793
19.840,7.887
19.850,4.8947
19.860,2.9027
19.870,2.9107
19.880,4.9189
19.890,8.9273
19.900,1.9358
19.910,7.9444
19.920,7.9533
19.930,5.9623
19.940,2.9714
19.950,5.9808
19.960,8.9903
19.970,0
19.980,3
19.990,6
20.000,0
