kilo-Electron Volt [keV],Counts
0.101,149
0.111,43
0.121,0
0.131,25.748
0.141,303.14
0.151,589.57
0.161,365.03
0.171,276.51
0.181,252.03
0.191,260.57
0.201,332.14
0.211,414.73
0.221,493.35
0.231,577.99
0.241,689.66
0.251,827.35
0.261,882.06
0.271,922.79
0.281,905.55
0.291,830.33
0.301,738.13
0.311,586.94
0.321,457.78
0.331,340.63
0.341,233.51
0.351,163.4
0.361,136.31
0.371,146.19
0.381,140.09
0.391,141.98
0.401,180.58
0.411,204.01
0.421,222.37
0.431,238.76
0.441,310.17
0.451,359.61
0.461,481.07
0.471,569.55
0.481,708.05
0.491,845.58
0.501,970.12
0.511,959.69
0.521,998.27
0.531,911.88
0.541,881.51
0.551,769.15
0.561,595.82
0.571,414.5
0.581,376.2
0.591,287.91
0.601,272.65
0.611,216.4
0.621,188.16
0.631,187.95
0.641,222.75
0.651,191.56
0.661,181.39
0.671,203.1
0.681,204.83
0.691,243.57
0.701,285.33
0.711,261.11
0.721,241.9
0.731,261.7
0.741,211.52
0.751,231.35
0.761,245.2
0.771,219.06
0.781,220.93
0.791,186.82
0.801,205.61
0.811,246.19
0.821,258.78
0.831,246.4
0.841,239.03
0.851,235.67
0.861,245.27
0.871,270.73
0.881,279.16
0.891,284.56
0.901,298.96
0.911,322.37
0.921,304.8
0.931,304.25
0.941,280.72
0.951,339.15
0.961,323.6
0.971,285.07
0.981,349.45
0.991,300.85
1.001,337.2
1.011,345.57
1.021,323.95
1.031,332.35
1.041,327.76
1.051,344.19
1.061,326.64
1.071,377.11
1.081,358.59
1.091,346.08
1.101,362.91
1.111,310.75
1.121,291.58
1.131,355.23
1.141,364.88
1.151,362.53
1.161,362.18
1.171,358.82
1.181,404.47
1.191,377.12
1.201,388.77
1.211,410.42
1.221,402.07
1.231,402.71
1.241,404.42
1.251,412.25
1.261,424.08
1.271,414.91
1.281,389.77
1.291,395.64
1.301,419.51
1.311,377.38
1.321,421.27
1.331,394.21
1.341,426.15
1.351,430.09
1.361,450.03
1.371,441.97
1.381,467.91
1.391,473.85
1.401,452.79
1.411,456.78
1.421,475.77
1.431,480.76
1.441,512.75
1.451,519.74
1.461,545.73
1.471,621.72
1.481,593.71
1.491,590.7
1.501,516.69
1.511,583.68
1.521,589.67
1.531,519.66
1.541,533.65
1.551,509.64
1.561,456.63
1.571,474.62
1.581,431.61
1.591,489.6
1.601,454.59
1.611,448.58
1.621,476.57
1.631,460.56
1.641,422.55
1.651,463.54
1.661,417.53
1.671,495.52
1.681,498.53
1.691,546.54
1.701,553.55
1.711,534.56
1.721,484.57
1.731,576.58
1.741,626.59
1.751,711.6
1.761,754.61
1.771,831.62
1.781,970.63
1.791,1039.6
1.801,1136.6
1.811,1185.7
1.821,1268.7
1.831,1279.7
1.841,1280.7
1.851,1227.7
1.861,1199.7
1.871,1080.7
1.881,926.73
1.891,920.74
1.901,770.75
1.911,691.76
1.921,609.8
1.931,615.9
1.941,588.99
1.951,554.09
1.961,561.19
1.971,534.28
1.981,529.38
1.991,548.47
2.001,544.57
2.011,571.66
2.021,540.76
2.031,495.85
2.041,523.95
2.051,531.05
2.061,522.14
2.071,545.24
2.081,560.33
2.091,556.43
2.101,562.52
2.111,556.62
2.121,596.84
2.131,638.78
2.141,707.71
2.151,722.65
2.161,770.58
2.171,820.52
2.181,837.45
2.191,893.39
2.201,935.32
2.211,1058.3
2.221,1240.2
2.231,1431.1
2.241,1856.1
2.251,2412
2.261,3320.9
2.271,4414.9
2.281,5803.8
2.291,7598.7
2.301,9499.7
2.311,11610
2.321,13620
2.331,15085
2.341,16191
2.351,16901
2.361,17033
2.371,16656
2.381,16038
2.391,15232
2.401,14478
2.411,13808
2.421,13275
2.431,12759
2.441,12003
2.451,11166
2.461,10201
2.471,9086.3
2.481,7902.7
2.491,6565
2.501,5158.4
2.511,3964.8
2.521,3023.1
2.531,2238.5
2.541,1676.9
2.551,1324.2
2.561,1079.6
2.571,1066
2.581,1118.3
2.591,1208.7
2.601,1314.1
2.611,1424.4
2.621,1488.8
2.631,1505.2
2.641,1530.5
2.651,1477.9
2.661,1283.4
2.671,1125.9
2.681,957.33
2.691,769.8
2.701,614.27
2.711,503.74
2.721,383.22
2.731,284.69
2.741,221.16
2.751,174.63
2.761,151.11
2.771,131.58
2.781,151.05
2.791,152.62
2.801,135.38
2.811,109.14
2.821,113.9
2.831,126.66
2.841,122.42
2.851,119.23
2.861,116.18
2.871,88.181
2.881,95.216
2.891,114.27
2.901,107.33
2.911,104.38
2.921,71.437
2.931,74.492
2.941,107.59
2.951,115.69
2.961,110.79
2.971,78.99
2.981,102.19
2.991,158.45
3.001,171.71
3.011,179.97
3.021,184.23
3.031,198.49
3.041,208.75
3.051,199.02
3.061,198.28
3.071,190.54
3.081,218.8
3.091,237.06
3.101,202.32
3.111,194.58
3.121,215.03
3.131,220.48
3.141,183.92
3.151,181.37
3.161,145.82
3.171,119.27
3.181,95.714
3.191,97.161
3.201,100.61
3.211,86.055
3.221,68.503
3.231,44.889
3.241,55.156
3.251,49.422
3.261,38.688
3.271,37.92
3.281,52.146
3.291,50.372
3.301,34.598
3.311,24.804
3.321,24.96
3.331,38.116
3.341,26.271
3.351,40.427
3.361,44.583
3.371,29.739
3.381,29.894
3.391,16.05
3.401,18.156
3.411,36.261
3.421,33.367
3.431,22.472
3.441,26.578
3.451,33.683
3.461,46.789
3.471,33.894
3.481,27
3.491,53.106
3.501,52.211
3.511,36.317
3.521,54.422
3.531,64.528
3.541,49.633
3.551,52.739
3.561,37.844
3.571,29.95
3.581,38.055
3.591,43.161
3.601,51.266
3.611,51.402
3.621,43.538
3.631,46.673
3.641,45.809
3.651,19.945
3.661,15.085
3.671,23.296
3.681,27.508
3.691,41.719
3.701,42.93
3.711,46.141
3.721,79.352
3.731,82.563
3.741,60.834
3.751,61.106
3.761,57.377
3.771,51.648
3.781,46.92
3.791,25.191
3.801,43.462
3.811,56.734
3.821,56.005
3.831,37.276
3.841,30.548
3.851,45.819
3.861,55.09
3.871,46.362
3.881,41.633
3.891,22.905
3.901,14.176
3.911,4.4121
3.921,9.598
3.931,38.784
3.941,37.97
3.951,35.156
3.961,50.342
3.971,48.528
3.981,40.714
3.991,40.899
4.001,54.085
4.011,34.271
4.021,41.457
4.031,36.643
4.041,22.829
4.051,28.015
4.061,58.201
4.071,65.387
4.081,27.573
4.091,23.759
4.101,37.955
4.111,16.151
4.121,38.347
4.131,45.543
4.141,45.739
4.151,63.935
4.161,63.131
4.171,72.327
4.181,60.523
4.191,45.764
4.201,51.005
4.211,46.246
4.221,50.487
4.231,50.729
4.241,81.97
4.251,80.261
4.261,62.553
4.271,64.844
4.281,50.136
4.291,44.427
4.301,65.719
4.311,64.01
4.321,53.302
4.331,42.593
4.341,58.884
4.351,77.176
4.361,35.467
4.371,50.759
4.381,54.05
4.391,64.342
4.401,56.633
4.411,43.925
4.421,44.216
4.431,67.508
4.441,73.799
4.451,70.09
4.461,46.382
4.471,68.673
4.481,62.965
4.491,59.256
4.501,75.548
4.511,66.839
4.521,61.131
4.531,56.422
4.541,64.714
4.551,70.005
4.561,74.296
4.571,68.588
4.581,57.879
4.591,64.171
4.601,83.462
4.611,55.754
4.621,64.045
4.631,54.337
4.641,62.628
4.651,57.92
4.661,50.211
4.671,57.513
4.681,56.814
4.691,78.116
4.701,88.427
4.711,54.739
4.721,67.05
4.731,77.372
4.741,87.693
4.751,92.035
4.761,117.38
4.771,142.72
4.781,119.07
4.791,137.42
4.801,195.77
4.811,233.13
4.821,296.48
4.831,404.83
4.841,565.18
4.851,734.53
4.861,954.88
4.871,1253.4
4.881,1530.9
4.891,1907.4
4.901,2247.9
4.911,2543.4
4.921,2879.9
4.931,3092.4
4.941,3241.9
4.951,3272.4
4.961,3300.9
4.971,3093.4
4.981,2940.9
4.991,2584.4
5.001,2307.9
5.011,1968.4
5.021,1610.9
5.031,1255.4
5.041,971.93
5.051,713.43
5.061,574.93
5.071,412.44
5.081,293.94
5.091,195.44
5.101,192.94
5.111,160.45
5.121,90.95
5.131,117.45
5.141,102.95
5.151,99.457
5.161,101.96
5.171,83.462
5.181,116.96
5.191,99.467
5.201,90.97
5.211,98.472
5.221,88.975
5.231,88.477
5.241,76.98
5.251,97.482
5.261,86.985
5.271,89.487
5.281,122.99
5.291,96.492
5.301,156.99
5.311,185.5
5.321,183
5.331,218.5
5.341,232.01
5.351,307.51
5.361,303.01
5.371,392.51
5.381,433.02
5.391,473.52
5.401,519.02
5.411,565.52
5.421,531.03
5.431,584.53
5.441,559.03
5.451,536.53
5.461,470.04
5.471,434.54
5.481,427.04
5.491,307.54
5.501,338.05
5.511,268.55
5.521,184.05
5.531,131.55
5.541,172.06
5.551,143.56
5.561,140.06
5.571,95.563
5.581,82.065
5.591,60.568
5.601,106.04
5.611,88.513
5.621,62.985
5.631,88.457
5.641,61.93
5.651,44.397
5.661,53.774
5.671,62.151
5.681,46.528
5.691,59.905
5.701,72.281
5.711,94.658
5.721,35.035
5.731,57.362
5.741,106.69
5.751,80.015
5.761,71.342
5.771,50.668
5.781,80.995
5.791,49.322
5.801,87.648
5.811,70.995
5.821,79.342
5.831,71.688
5.841,56.035
5.851,78.382
5.861,73.729
5.871,88.075
5.881,85.422
5.891,110.77
5.901,84.116
5.911,94.462
5.921,75.809
5.931,50.241
5.941,95.673
5.951,96.106
5.961,94.538
5.971,72.97
5.981,73.402
5.991,61.834
6.001,113.27
6.011,82.698
6.021,85.131
6.031,73.563
6.041,68.995
6.051,69.427
6.061,51.859
6.071,64.291
6.081,46.724
6.091,54.146
6.101,87.568
6.111,94.99
6.121,95.412
6.131,73.834
6.141,70.256
6.151,61.678
6.161,104.1
6.171,41.523
6.181,67.899
6.191,68.276
6.201,57.653
6.211,49.03
6.221,78.407
6.231,33.784
6.241,96.111
6.251,94.437
6.261,82.764
6.271,110.09
6.281,109.42
6.291,126.74
6.301,99.07
6.311,163.4
6.321,92.724
6.331,117.05
6.341,132.38
6.351,190.7
6.361,168.03
6.371,141.36
6.381,189.68
6.391,158.01
6.401,151.34
6.411,166.66
6.421,169.99
6.431,172.32
6.441,131.64
6.451,151.97
6.461,153.3
6.471,114.62
6.481,119.95
6.491,87.312
6.501,105.67
6.511,97.035
6.521,117.4
6.531,81.759
6.541,59.121
6.551,71.482
6.561,73.844
6.571,45.231
6.581,68.618
6.591,67.005
6.601,90.392
6.611,101.78
6.621,70.166
6.631,87.553
6.641,77.94
6.651,46.327
6.661,60.704
6.671,82.08
6.681,45.457
6.691,93.824
6.701,92.191
6.711,44.558
6.721,64.915
6.731,41.271
6.741,101.61
6.751,84.945
6.761,40.281
6.771,45.608
6.781,55.935
6.791,114.26
6.801,47.588
6.811,87.915
6.821,60.241
6.831,77.568
6.841,58.894
6.851,13.221
6.861,112.4
6.871,65.573
6.881,92.749
6.891,62.925
6.901,72.101
6.911,60.276
6.921,84.452
6.931,89.628
6.941,106.8
6.951,69.98
6.961,85.156
6.971,90.332
6.981,84.508
6.991,94.683
7.001,72.859
7.011,116.04
7.021,66.211
7.031,82.387
7.041,53.563
7.051,86.739
7.061,70.915
7.071,76.09
7.081,41.266
7.091,87.442
7.101,66.618
7.111,108.79
7.121,55.97
7.131,113.15
7.141,84.322
7.151,86.497
7.161,68.673
7.171,74.849
7.181,85.025
7.191,53.201
7.201,76.377
7.211,81.553
7.221,57.729
7.231,40.905
7.241,112.08
7.251,66.256
7.261,92.432
7.271,79.608
7.281,65.784
7.291,77.96
7.301,54.136
7.311,93.312
7.321,88.487
7.331,87.663
7.341,69.839
7.351,99.015
7.361,55.191
7.371,85.367
7.381,102.54
7.391,66.799
7.401,98.085
7.411,108.37
7.421,90.658
7.431,82.98
7.441,73.302
7.451,82.623
7.461,91.945
7.471,123.27
7.481,100.59
7.491,130.91
7.501,84.231
7.511,96.553
7.521,91.874
7.531,52.196
7.541,76.518
7.551,91.839
7.561,101.16
7.571,57.482
7.581,49.804
7.591,71.126
7.601,79.447
7.611,75.769
7.621,38.09
7.631,53.412
7.641,56.734
7.651,42.055
7.661,43.377
7.671,47.698
7.681,47.02
7.691,63.482
7.701,66.945
7.711,31.407
7.721,41.859
7.731,61.312
7.741,40.764
7.751,45.216
7.761,90.668
7.771,72.121
7.781,59.573
7.791,31.025
7.801,50.457
7.811,52.889
7.821,55.322
7.831,46.754
7.841,58.186
7.851,44.618
7.861,44.05
7.871,68.482
7.881,55.915
7.891,43.347
7.901,50.779
7.911,19.211
7.921,76.558
7.931,84.905
7.941,53.251
7.951,79.598
7.961,51.945
7.971,56.291
7.981,95.638
7.991,57.985
8.002,64.332
8.012,54.678
8.022,51.025
8.032,72.372
8.042,79.719
8.052,95.065
8.062,47.412
8.072,35.759
8.082,80.106
8.092,78.452
8.102,49.799
8.112,77.146
8.122,53.492
8.132,83.839
8.142,89.186
8.152,56.533
8.162,65.879
8.172,38.226
8.182,74.573
8.192,50.92
8.202,66.266
8.212,73.613
8.222,90.96
8.232,78.307
8.242,67.653
8.252,51
8.262,68.347
8.272,72.693
8.282,73.04
8.292,60.387
8.302,78.734
8.312,107.08
8.322,65.427
8.332,63.774
8.342,64.121
8.352,45.467
8.362,61.814
8.372,53.161
8.382,59.508
8.392,74.854
8.402,67.201
8.412,68.548
8.422,60.894
8.432,47.241
8.442,41.588
8.452,79.935
8.462,80.281
8.472,31.628
8.482,80.94
8.492,36.251
8.502,49.563
8.512,66.874
8.522,50.186
8.532,50.497
8.542,72.809
8.552,29.121
8.562,37.407
8.572,57.693
8.582,54.98
8.592,57.266
8.602,78.553
8.612,65.839
8.622,70.126
8.632,41.412
8.642,71.698
8.652,61.985
8.662,63.271
8.672,90.558
8.682,55.844
8.692,47.131
8.702,67.417
8.712,74.704
8.722,74.99
8.732,38.276
8.742,91.563
8.752,56.849
8.762,46.136
8.772,50.422
8.782,53.709
8.792,73.995
8.802,54.281
8.812,40.568
8.822,42.854
8.832,53.141
8.842,57.427
8.852,72.714
8.862,102
8.872,82.286
8.882,69.573
8.892,86.864
8.902,49.156
8.912,89.447
8.922,47.739
8.932,40.03
8.942,83.322
8.952,71.613
8.962,80.905
8.972,48.236
8.982,54.568
8.992,64.995
9.002,80.422
9.012,48.849
9.022,84.276
9.032,86.704
9.042,78.131
9.052,82.558
9.062,88.985
9.072,84.412
9.082,112.84
9.092,119.27
9.102,137.69
9.112,134.12
9.122,153.55
9.132,201.97
9.142,159.4
9.152,158.83
9.162,168.26
9.172,189.68
9.182,186.11
9.192,166.54
9.202,159.96
9.212,166.39
9.222,140.82
9.232,163.25
9.242,145.67
9.252,157.1
9.262,182.53
9.272,115.95
9.282,128.38
9.292,103.81
9.302,71.236
9.312,104.66
9.322,94.09
9.332,71.518
9.342,79.945
9.352,102.37
9.362,73.799
9.372,42.226
9.382,36.573
9.392,48.889
9.402,102.21
9.412,30.523
9.422,68.804
9.432,88.085
9.442,81.367
9.452,95.648
9.462,92.93
9.472,47.211
9.482,42.492
9.492,49.794
9.502,60.095
9.512,54.397
9.522,64.698
9.532,56
9.542,60.302
9.552,53.603
9.562,44.905
9.572,74.226
9.582,78.548
9.592,60.889
9.602,62.231
9.612,62.573
9.622,89.915
9.632,78.256
9.642,63.598
9.652,77.94
9.662,46.281
9.672,10.623
9.682,67.824
9.692,77.025
9.702,50.226
9.712,76.427
9.722,79.628
9.732,48.829
9.742,50.03
9.752,66.231
9.762,61.432
9.772,56.719
9.782,35.005
9.792,83.291
9.802,60.578
9.812,75.864
9.822,59.151
9.832,56.437
9.842,35.724
9.852,67.01
9.862,56.296
9.872,36.583
9.882,56.869
9.892,39.156
9.902,76.442
9.912,49.729
9.922,100.02
9.932,74.302
9.942,84.588
9.952,52.874
9.962,62.161
9.972,56.447
9.982,53.734
9.992,67.02
10.002,21.307
10.012,81.593
10.022,44.879
10.032,58.166
10.042,68.452
10.052,75.739
10.062,78.025
10.072,41.312
10.082,44.598
10.092,59.884
10.102,84.171
10.112,77.457
10.122,68.744
10.132,80.03
10.142,51.317
10.152,33.603
10.162,80.889
10.172,66.176
10.182,92.462
10.192,67.749
10.202,73.035
10.212,54.322
10.222,71.608
10.232,93.894
10.242,92.181
10.252,84.467
10.262,106.75
10.272,91.04
10.282,81.327
10.292,127.61
10.302,99.899
10.312,120.19
10.322,141.47
10.332,175.76
10.342,214.05
10.352,252.33
10.362,296.62
10.372,342.9
10.382,454.19
10.392,488.48
10.402,558.76
10.412,719.05
10.422,806.34
10.432,901.62
10.442,1102.9
10.452,1262.2
10.462,1402.5
10.472,1533.8
10.482,1828.1
10.492,1817.3
10.502,2022.6
10.512,2087.9
10.522,2190.2
10.532,2289.5
10.542,2278.8
10.552,2262.1
10.562,2201.3
10.572,2174.6
10.582,2033.9
10.592,1906.2
10.602,1723.5
10.612,1564.8
10.622,1401.1
10.632,1175.4
10.642,1089.6
10.652,906.92
10.662,747.21
10.672,627.5
10.682,567.78
10.692,394.07
10.702,332.36
10.712,271.64
10.722,203.93
10.732,181.22
10.742,161.5
10.752,158.79
10.762,113.08
10.772,128.36
10.782,93.648
10.792,48.935
10.802,73.221
10.812,52.508
10.822,51.794
10.832,96.08
10.842,51.367
10.852,79.653
10.862,81.94
10.872,43.226
10.882,62.508
10.892,63.789
10.902,58.07
10.912,56.352
10.922,74.633
10.932,54.915
10.942,55.196
10.952,37.477
10.962,69.719
10.972,18.96
10.982,70.106
10.992,70.251
11.002,42.397
11.012,73.543
11.022,42.688
11.032,46.834
11.042,46.98
11.052,44.126
11.062,52.271
11.072,59.417
11.082,33.563
11.092,33.709
11.102,30.854
11.112,61
11.122,51.146
11.132,27.291
11.142,54.437
11.152,57.663
11.162,80.889
11.172,38.116
11.182,52.342
11.192,61.568
11.202,68.794
11.212,47.02
11.222,65.312
11.232,68.603
11.242,52.894
11.252,36.186
11.262,45.477
11.272,67.769
11.282,56.06
11.292,45.352
11.302,65.658
11.312,62.965
11.322,43.271
11.332,61.578
11.342,80.884
11.352,94.206
11.362,73.563
11.372,93.92
11.382,62.276
11.392,71.633
11.402,66.99
11.412,61.347
11.422,63.704
11.432,55.06
11.442,65.417
11.452,57.774
11.462,43.131
11.472,27.487
11.482,43.824
11.492,61.161
11.502,49.497
11.512,48.834
11.522,48.171
11.532,44.508
11.542,50.844
11.552,26.181
11.562,37.497
11.572,22.814
11.582,56.111
11.592,46.407
11.602,48.704
11.612,58
11.622,56.296
11.632,57.593
11.642,36.889
11.652,43.186
11.662,43.482
11.672,38.779
11.682,26.075
11.692,54.372
11.702,33.668
11.712,60.965
11.722,59.261
11.732,43.558
11.742,62.854
11.752,11.156
11.762,50.372
11.772,73.588
11.782,31.804
11.792,27.045
11.802,62.322
11.812,38.598
11.822,42.874
11.832,33.151
11.842,29.427
11.852,66.704
11.862,44.98
11.872,57.256
11.882,52.533
11.892,47.809
11.902,42.085
11.912,58.362
11.922,26.638
11.932,54.915
11.942,43.191
11.952,61.467
11.962,37.744
11.972,64.02
11.982,28.296
11.992,56.573
12.002,47.849
12.012,67.126
12.022,64.402
12.032,47.678
12.042,76.955
12.052,72.231
12.062,61.508
12.072,64.784
12.082,65.06
12.092,76.337
12.102,77.613
12.112,89.889
12.122,82.166
12.132,62.442
12.142,84.719
12.152,111.99
12.162,72.271
12.172,96.548
12.182,66.824
12.192,78.101
12.202,75.382
12.212,111.66
12.222,99.945
12.232,103.23
12.242,78.508
12.252,88.789
12.262,81.07
12.272,103.35
12.282,109.63
12.292,93.915
12.302,82.196
12.312,95.477
12.322,102.76
12.332,93.04
12.342,81.322
12.352,68.603
12.362,122.88
12.372,105.17
12.382,87.447
12.392,101.73
12.402,132.01
12.412,148.29
12.422,141.57
12.432,166.85
12.442,196.14
12.452,216.45
12.462,273.76
12.472,293.09
12.482,326.41
12.492,385.74
12.502,478.07
12.512,587.39
12.522,645.72
12.532,724.05
12.542,798.37
12.552,826.7
12.562,868.03
12.572,963.35
12.582,942.68
12.592,1023
12.602,1040.3
12.612,1059.7
12.622,1126
12.632,1043.3
12.642,970.64
12.652,913.96
12.662,888.29
12.672,800.62
12.682,713.94
12.692,664.27
12.702,591.6
12.712,506.92
12.722,464.25
12.732,405.58
12.742,361.9
12.752,316.23
12.762,246.56
12.772,242.88
12.782,190.21
12.792,195.54
12.802,171.86
12.812,140.19
12.822,132.52
12.832,116.84
12.842,129.17
12.852,137.5
12.862,94.824
12.872,107.15
12.882,124.48
12.892,101.8
12.902,90.131
12.912,89.457
12.922,88.784
12.932,92.111
12.942,78.437
12.952,80.764
12.962,80.09
12.972,76.447
12.982,93.804
12.992,83.161
13.002,92.518
13.012,90.874
13.022,111.23
13.032,79.588
13.042,107.94
13.052,71.302
13.062,82.658
13.072,94.015
13.082,67.372
13.092,58.729
13.102,80.085
13.112,55.442
13.122,56.799
13.132,37.156
13.142,60.432
13.152,40.709
13.162,41.985
13.172,53.261
13.182,47.538
13.192,45.814
13.202,26.09
13.212,38.302
13.222,36.513
13.232,26.724
13.242,32.935
13.252,37.146
13.262,54.357
13.272,46.568
13.282,24.779
13.292,42.975
13.302,39.171
13.312,28.367
13.322,31.563
13.332,22.759
13.342,15.94
13.352,38.106
13.362,42.271
13.372,34.437
13.382,33.603
13.392,31.769
13.402,38.935
13.412,35.101
13.422,41.266
13.432,35.432
13.442,56.598
13.452,53.764
13.462,27.93
13.472,24.095
13.482,40.286
13.492,24.477
13.502,44.668
13.512,24.859
13.522,34.05
13.532,35.241
13.542,30.432
13.552,20.633
13.562,46.834
13.572,42.035
13.582,31.236
13.592,21.437
13.602,45.638
13.612,25.839
13.622,58.04
13.632,21.241
13.642,24.442
13.652,38.643
13.662,37.844
13.672,23.045
13.682,42.246
13.692,46.447
13.702,39.648
13.712,26.849
13.722,47.05
13.732,22.251
13.742,24.447
13.752,37.643
13.762,38.839
13.772,18.035
13.782,11.206
13.792,26.342
13.802,55.477
13.812,17.613
13.822,39.749
13.832,23.884
13.842,29.02
13.852,33.156
13.862,20.291
13.872,38.427
13.882,27.563
13.892,35.698
13.902,52.834
13.912,22.97
13.922,33.106
13.932,30.241
13.942,21.377
13.952,43.513
13.962,33.648
13.972,40.794
13.982,41.955
13.992,30.121
14.002,23.286
14.012,34.452
14.022,20.618
14.032,47.784
14.042,36.95
14.052,36.116
14.062,29.281
14.072,29.447
14.082,28.613
14.092,25.779
14.102,41.95
14.112,27.121
14.122,23.291
14.132,20.462
14.142,22.633
14.152,25.804
14.162,16.975
14.172,19.146
14.182,16.317
14.192,42.482
14.202,44.678
14.212,32.874
14.222,30.07
14.232,47.266
14.242,46.462
14.252,38.658
14.262,35.854
14.272,35.05
14.282,30.246
14.292,43.447
14.302,41.648
14.312,30.849
14.322,27.05
14.332,36.251
14.342,43.452
14.352,33.653
14.362,26.854
14.372,27.055
14.382,31.256
14.392,31.457
14.402,25.658
14.412,38.859
14.422,32.06
14.432,15.261
14.442,52.432
14.452,12.603
14.462,18.759
14.472,23.915
14.482,20.07
14.492,26.226
14.502,36.382
14.512,38.538
14.522,13.709
14.532,32.879
14.542,35.05
14.552,29.221
14.562,34.392
14.572,63.563
14.582,42.734
14.592,55.905
14.602,38.075
14.612,53.246
14.622,54.417
14.632,75.588
14.642,80.759
14.652,69.93
14.662,79.101
14.672,98.271
14.682,86.442
14.692,109.61
14.702,114.78
14.712,115.95
14.722,112.13
14.732,111.3
14.742,112.47
14.752,112.64
14.762,104.81
14.772,112.98
14.782,119.15
14.792,113.32
14.802,111.51
14.812,94.693
14.822,110.88
14.832,112.07
14.842,77.251
14.852,85.437
14.862,71.623
14.872,52.809
14.882,54.995
14.892,66.181
14.902,27.367
14.912,52.553
14.922,67.739
14.932,36.925
14.942,37.111
14.952,15.296
14.962,27.452
14.972,30.608
14.982,48.764
14.992,36.92
15.002,68.075
15.012,21.231
15.022,29.387
15.032,72.543
15.042,50.698
15.052,31.854
15.062,55.01
15.072,30.166
15.082,44.322
15.092,58.482
15.102,67.643
15.112,62.804
15.122,40.965
15.132,61.126
15.142,66.286
15.152,42.447
15.162,69.608
15.172,61.769
15.182,50.93
15.192,61.106
15.202,55.281
15.212,63.457
15.222,32.633
15.232,32.809
15.242,51.985
15.252,30.161
15.262,41.337
15.272,50.513
15.282,36.688
15.292,33.864
15.302,46.04
15.312,45.216
15.322,40.392
15.332,17.568
15.342,44.724
15.352,19.879
15.362,23.035
15.372,41.191
15.382,31.347
15.392,30.503
15.402,28.658
15.412,25.814
15.422,27.97
15.432,36.126
15.442,34.281
15.452,28.437
15.462,14.593
15.472,35.724
15.482,29.854
15.492,23.985
15.502,19.116
15.512,27.246
15.522,33.377
15.532,13.528
15.542,35.668
15.552,26.809
15.562,21.95
15.572,35.09
15.582,14.231
15.592,35.372
15.602,32.513
15.612,30.653
15.622,29.794
15.632,51.935
15.642,22.075
15.652,28.216
15.662,35.357
15.672,30.497
15.682,26.638
15.692,22.779
15.702,20.92
15.712,40.06
15.722,51.201
15.732,36.342
15.742,27.482
15.752,28.623
15.762,55.764
15.772,30.905
15.782,32.045
15.792,27.186
15.802,20.327
15.812,27.467
15.822,49.608
15.832,29.749
15.842,28.889
15.852,24.03
15.862,29.171
15.872,38.312
15.882,33.452
15.892,26.593
15.902,25.734
15.912,19.874
15.922,20.015
15.932,25.156
15.942,22.296
15.952,17.437
15.962,14.568
15.972,13.683
15.982,14.794
15.992,22.905
16.002,16.035
16.012,27.166
16.022,24.296
16.032,16.427
16.042,24.558
16.052,23.688
16.062,24.819
16.072,20.95
16.082,14.08
16.092,15.206
16.102,14.332
16.112,26.457
16.122,16.583
16.132,19.709
16.142,32.859
16.152,17.01
16.162,22.161
16.172,25.312
16.182,9.4623
16.192,28.583
16.202,39.704
16.212,20.824
16.222,21.945
16.232,15.065
16.242,22.186
16.252,27.307
16.262,20.427
16.272,9.5477
16.282,24.663
16.292,13.779
16.302,36.894
16.312,43.01
16.322,17.126
16.332,24.241
16.342,27.357
16.352,29.472
16.362,41.588
16.372,24.704
16.382,33.819
16.392,30.935
16.402,27.05
16.412,24.166
16.422,16.281
16.432,28.397
16.442,26.513
16.452,25.628
16.462,24.744
16.472,21.859
16.482,26.975
16.492,25.09
16.502,9.206
16.512,18.307
16.522,24.407
16.532,26.508
16.542,28.608
16.552,24.709
16.562,24.809
16.572,15.91
16.582,31.01
16.592,17.111
16.602,14.211
16.612,23.312
16.622,16.412
16.632,13.513
16.642,16.613
16.652,29.714
16.662,18.814
16.672,25.915
16.682,11.015
16.692,31.116
16.702,23.216
16.712,23.317
16.722,28.417
16.732,15.518
16.742,28.618
16.752,13.719
16.762,23.819
16.772,12.92
16.782,9.0201
16.792,25.106
16.802,28.191
16.812,24.276
16.822,18.362
16.832,23.447
16.842,26.533
16.852,22.618
16.862,20.704
16.872,18.789
16.882,18.874
16.892,14.96
16.902,21.045
16.912,22.131
16.922,21.216
16.932,19.302
16.942,28.387
16.952,12.472
16.962,23.558
16.972,12.643
16.982,33.729
16.992,21.814
17.002,13.899
17.012,11.985
17.022,23.07
17.032,16.156
17.042,23.241
17.052,16.327
17.062,12.417
17.072,10.508
17.082,36.593
17.092,17.678
17.102,19.764
17.112,25.849
17.122,26.935
17.132,20.02
17.142,11.106
17.152,27.191
17.162,22.276
17.172,8.3618
17.182,19.432
17.192,21.503
17.202,25.573
17.212,28.653
17.222,13.734
17.232,17.814
17.242,17.894
17.252,32.975
17.262,19.055
17.272,26.136
17.282,16.216
17.292,11.296
17.302,23.377
17.312,24.457
17.322,25.538
17.332,20.628
17.342,10.719
17.352,25.809
17.362,24.899
17.372,13.99
17.382,22.08
17.392,20.171
17.402,15.261
17.412,11.352
17.422,28.442
17.432,26.533
17.442,25.623
17.452,13.714
17.462,14.804
17.472,18.894
17.482,19.985
17.492,16.085
17.502,25.186
17.512,7.2864
17.522,19.367
17.532,20.447
17.542,15.528
17.552,21.608
17.562,15.688
17.572,26.769
17.582,18.849
17.592,25.93
17.602,21.01
17.612,10.09
17.622,23.171
17.632,10.251
17.642,8.3317
17.652,25.412
17.662,21.492
17.672,19.573
17.682,15.653
17.692,34.764
17.702,31.874
17.712,12.985
17.722,15.095
17.732,18.206
17.742,18.317
17.752,19.427
17.762,15.538
17.772,18.648
17.782,19.759
17.792,18.869
17.802,14.98
17.812,18.09
17.822,19.201
17.832,10.312
17.842,12.422
17.852,23.533
17.862,10.643
17.872,20.754
17.882,35.864
17.892,21.975
17.902,13.085
17.912,16.196
17.922,22.307
17.932,18.417
17.942,20.528
17.952,24.638
17.962,36.749
17.972,29.859
17.982,7.9698
17.992,13.06
18.003,27.151
18.013,25.241
18.023,14.332
18.033,14.422
18.043,23.513
18.053,18.603
18.063,19.693
18.073,16.784
18.083,17.874
18.093,25.965
18.103,13.055
18.113,15.146
18.123,4.2362
18.133,27.302
18.143,14.367
18.153,21.432
18.163,19.497
18.173,30.563
18.183,19.628
18.193,37.693
18.203,22.759
18.213,25.824
18.223,8.8894
18.233,13.955
18.243,18.02
18.253,23.085
18.263,29.151
18.273,21.216
18.283,7.2814
18.293,16.347
18.303,13.412
18.313,23.477
18.323,15.543
18.333,16.608
18.343,26.673
18.353,19.739
18.363,5.804
18.373,23.869
18.383,13.935
18.393,19
18.403,17.065
18.413,15.131
18.423,23.196
18.433,18.261
18.443,16.327
18.453,13.392
18.463,17.457
18.473,19.523
18.483,23.588
18.493,21.653
18.503,14.719
18.513,13.784
18.523,17.849
18.533,13.915
18.543,23.98
18.553,11.045
18.563,13.111
18.573,17.176
18.583,19.241
18.593,21.307
18.603,9.3719
18.613,22.437
18.623,20.503
18.633,20.568
18.643,17.633
18.653,16.698
18.663,17.764
18.673,19.829
18.683,17.894
18.693,9.9598
18.703,21.025
18.713,11.09
18.723,14.156
18.733,23.221
18.743,26.286
18.753,13.352
18.763,10.417
18.773,18.482
18.783,12.548
18.793,15.613
18.803,24.678
18.813,17.744
18.823,10.809
18.833,14.874
18.843,19.94
18.853,10.005
18.863,13.07
18.873,14.136
18.883,15.201
18.893,19.266
18.903,12.332
18.913,18.397
18.923,22.462
18.933,12.528
18.943,15.593
18.953,22.658
18.963,30.724
18.973,24.789
18.983,19.854
18.993,12.92
19.003,16.985
19.013,13.035
19.023,16.086
19.033,15.138
19.043,9.1897
19.053,11.237
19.063,19.285
19.073,12.333
19.083,18.382
19.093,26.432
19.103,25.481
19.113,25.532
19.123,16.583
19.133,13.634
19.143,12.686
19.153,10.739
19.163,18.792
19.173,23.846
19.183,9.9006
19.193,7.9556
19.203,21
19.213,19.045
19.223,8.0904
19.233,17.136
19.243,14.183
19.253,20.23
19.263,15.277
19.273,16.326
19.283,13.374
19.293,19.424
19.303,14.473
19.313,6.5238
19.323,9.5629
19.333,11.602
19.343,20.642
19.353,14.683
19.363,10.724
19.373,16.765
19.383,15.807
19.393,12.85
19.403,20.893
19.413,18.937
19.423,16.981
19.433,10.026
19.443,14.071
19.453,13.117
19.463,17.163
19.473,5.2105
19.483,13.245
19.493,10.28
19.503,19.315
19.513,11.351
19.523,8.3878
19.533,9.4247
19.543,15.462
19.553,14.5
19.563,13.538
19.573,7.5775
19.583,21.617
19.593,9.6571
19.603,11.698
19.613,21.739
19.623,14.781
19.633,8.8235
19.643,10.867
19.653,16.91
19.663,14.955
19.673,0
19.683,11
19.693,7
19.703,18
19.713,10
19.723,12
19.733,3
19.743,9
19.753,15
19.763,12
19.773,17
19.783,10
19.793,17
19.803,13
19.813,16
19.823,12
19.833,12
19.843,8
19.853,14
19.863,12
19.873,12
19.883,15
19.893,14
19.903,6
19.913,15
19.923,14
19.933,13
19.943,9
19.953,13
19.963,20
19.973,13
19.983,12
19.993,8
20.003,10
