kilo-Electron Volt [keV],Counts
0.101,135
0.111,24
0.121,0
0.131,32.68
0.141,278.06
0.151,460.45
0.161,192.85
0.171,73.262
0.181,61.685
0.191,75.982
0.201,111.25
0.211,149.52
0.221,199.81
0.231,259.12
0.241,380.43
0.251,509.76
0.261,575.09
0.271,587.44
0.281,596.81
0.291,586.18
0.301,528.56
0.311,470.95
0.321,406.35
0.331,350.76
0.341,300.19
0.351,269.62
0.361,277.06
0.371,261.5
0.381,279.96
0.391,308.43
0.401,317.9
0.411,303.38
0.421,314.87
0.431,349.37
0.441,395.87
0.451,461.39
0.461,613.9
0.471,821.43
0.481,994.96
0.491,1180.5
0.501,1397
0.511,1522.6
0.521,1680.2
0.531,1548.7
0.541,1453.3
0.551,1153.9
0.561,846.46
0.571,631.05
0.581,432.64
0.591,278.24
0.601,206.85
0.611,109.46
0.621,91.072
0.631,57.693
0.641,66.312
0.651,77.935
0.661,57.564
0.671,81.121
0.681,85.684
0.691,97.252
0.701,82.825
0.711,83.404
0.721,95.988
0.731,95.577
0.741,66.171
0.751,85.745
0.761,76.325
0.771,92.91
0.781,71.5
0.791,87.095
0.801,96.694
0.811,95.298
0.821,102.91
0.831,66.52
0.841,81.052
0.851,100.55
0.861,104.06
0.871,137.58
0.881,102.1
0.891,106.62
0.901,84.15
0.911,124.5
0.921,127.85
0.931,119.21
0.941,132.58
0.951,129.96
0.961,114.34
0.971,138.71
0.981,130.08
0.991,118.46
1.001,115.85
1.011,138.21
1.021,149.59
1.031,138.97
1.041,175.36
1.051,117.75
1.061,161.96
1.071,191.18
1.081,152.4
1.091,161.59
1.101,181.47
1.111,168.36
1.121,177.19
1.131,193.99
1.141,181.79
1.151,191.58
1.161,182.37
1.171,184.16
1.181,178.94
1.191,188.68
1.201,187.41
1.211,204.12
1.221,190.82
1.231,210.48
1.241,197.14
1.251,226.75
1.261,211.36
1.271,231.97
1.281,232.59
1.291,206.2
1.301,232.81
1.311,236.43
1.321,197.04
1.331,193.65
1.341,231.16
1.351,211.67
1.361,237.04
1.371,263.4
1.381,235.76
1.391,273.07
1.401,248.38
1.411,243.68
1.421,239.99
1.431,244.27
1.441,243.54
1.451,241.81
1.461,269.03
1.471,279.25
1.481,246.47
1.491,280.63
1.501,270.79
1.511,281.95
1.521,292.12
1.531,267.28
1.541,273.44
1.551,270.6
1.561,246.76
1.571,241.92
1.581,260.08
1.591,251.23
1.601,263.39
1.611,235.54
1.621,240.66
1.631,251.77
1.641,249.87
1.651,259.98
1.661,251.09
1.671,265.19
1.681,255.3
1.691,308.4
1.701,286.51
1.711,277.61
1.721,257.72
1.731,295.82
1.741,286.93
1.751,312.04
1.761,268.14
1.771,285.25
1.781,323.35
1.791,308.46
1.801,312.56
1.811,268.67
1.821,272.77
1.831,279.88
1.841,293.98
1.851,308.09
1.861,273.2
1.871,273.3
1.881,256.41
1.891,248.51
1.901,250.62
1.911,268.72
1.921,290.83
1.931,255.93
1.941,246.04
1.951,294.15
1.961,298.25
1.971,275.36
1.981,272.46
1.991,256.57
2.001,258.67
2.011,264.78
2.021,238.88
2.031,233.99
2.041,242.1
2.051,220.2
2.061,234.31
2.071,242.41
2.081,247.52
2.091,235.62
2.101,241.73
2.111,275.83
2.121,249.11
2.131,232.54
2.141,254.97
2.151,230.4
2.161,220.83
2.171,231.27
2.181,246.12
2.191,246.15
2.201,223.2
2.211,228.33
2.221,245.61
2.231,242.89
2.241,189.18
2.251,198.46
2.261,246.74
2.271,245.02
2.281,247.3
2.291,230.58
2.301,204.86
2.311,204.15
2.321,207.43
2.331,226.71
2.341,209.99
2.351,222.27
2.361,225.55
2.371,207.83
2.381,208.12
2.391,206.4
2.401,234.68
2.411,240.96
2.421,214.24
2.431,208.52
2.441,210.8
2.451,214.09
2.461,191.37
2.471,177.65
2.481,175.93
2.491,200.21
2.501,173.49
2.511,168.77
2.521,170.06
2.531,192.34
2.541,191.62
2.551,173.9
2.561,185.18
2.571,203.46
2.581,172.74
2.591,166.03
2.601,199.31
2.611,201.59
2.621,178.87
2.631,187.16
2.641,200.44
2.651,168.73
2.661,158.08
2.671,156.42
2.681,154.77
2.691,183.12
2.701,214.46
2.711,186.81
2.721,149.16
2.731,153.5
2.741,185.87
2.751,177.24
2.761,169.6
2.771,182.97
2.781,177.34
2.791,129.7
2.801,138.07
2.811,179.44
2.821,185.8
2.831,170.25
2.841,171.72
2.851,179.19
2.861,178.66
2.871,150.14
2.881,154.61
2.891,166.08
2.901,156.72
2.911,140.37
2.921,151.01
2.931,164.65
2.941,162.3
2.951,162.94
2.961,151.6
2.971,145.27
2.981,158.93
2.991,162.59
3.001,161.28
3.011,147.97
3.021,129.66
3.031,129.35
3.041,138.04
3.051,167.91
3.061,162.78
3.071,132.66
3.081,117.58
3.091,109.55
3.101,124.52
3.111,123.64
3.121,120.96
3.131,116.29
3.141,127.65
3.151,124.07
3.161,118.49
3.171,123.9
3.181,152.38
3.191,166.86
3.201,157.38
3.211,160.9
3.221,143.48
3.231,135.07
3.241,112.69
3.251,122.32
3.261,132.95
3.271,132.58
3.281,119.21
3.291,100.83
3.301,115.46
3.311,116.09
3.321,117.72
3.331,106.45
3.341,110.19
3.351,113.06
3.361,110.93
3.371,113.81
3.381,102.75
3.391,102.68
3.401,124.62
3.411,148.55
3.421,156.52
3.431,128.49
3.441,133.46
3.451,161.48
3.461,148.5
3.471,170.52
3.481,180.6
3.491,196.68
3.501,265.76
3.511,316.84
3.521,354.92
3.531,450
3.541,578.08
3.551,788.16
3.561,1087.2
3.571,1529.3
3.581,2250.4
3.591,3269.5
3.601,4468.6
3.611,6020.8
3.621,7999.9
3.631,10223
3.641,12676
3.651,15068
3.661,17070
3.671,18563
3.681,19748
3.691,20346
3.701,20078
3.711,19123
3.721,17524
3.731,15312
3.741,12833
3.751,10480
3.761,8262.4
3.771,6296.6
3.781,4608.8
3.791,3275
3.801,2263.2
3.811,1539.4
3.821,1058.6
3.831,703.79
3.841,500
3.851,401.21
3.861,335.41
3.871,304.62
3.881,331.82
3.891,383.03
3.901,467.24
3.911,596.44
3.921,775.65
3.931,930.85
3.941,1130.1
3.951,1405.3
3.961,1680.5
3.971,1893.7
3.981,2144.9
3.991,2423.1
4.001,2529.3
4.011,2539.5
4.021,2506.7
4.031,2449.9
4.041,2256.1
4.051,2066.4
4.061,1805.6
4.071,1485.8
4.081,1222.1
4.091,939.3
4.101,744.53
4.111,589.76
4.121,400.99
4.131,285.23
4.141,239.46
4.151,194.69
4.161,123.92
4.171,92.809
4.181,91.543
4.191,74.266
4.201,45.899
4.211,60.387
4.221,78.874
4.231,66.362
4.241,55.849
4.251,81.337
4.261,88.824
4.271,74.312
4.281,51.799
4.291,98.286
4.301,120.77
4.311,129.26
4.321,173.75
4.331,202.24
4.341,266.72
4.351,334.21
4.361,471.7
4.371,672.19
4.381,983.67
4.391,1412.2
4.401,1985.6
4.411,2834.1
4.421,3757.6
4.431,4948.1
4.441,6194.6
4.451,7786.1
4.461,9443.6
4.471,10814
4.481,12073
4.491,13180
4.501,13914
4.511,14184
4.521,13891
4.531,13187
4.541,12094
4.551,10713
4.561,9137.5
4.571,7550
4.581,6084.5
4.591,4789
4.601,3606.5
4.611,2693
4.621,1943.6
4.631,1342.1
4.641,888.68
4.651,608.24
4.661,421.79
4.671,278.34
4.681,198.9
4.691,142.46
4.701,137.02
4.711,107.57
4.721,92.131
4.731,100.69
4.741,104.25
4.751,111.8
4.761,139.36
4.771,138.92
4.781,188.48
4.791,201.04
4.801,242.59
4.811,322.15
4.821,386.71
4.831,451.27
4.841,607.82
4.851,779.38
4.861,890.94
4.871,1064.5
4.881,1358.1
4.891,1523.7
4.901,1687.3
4.911,1755.9
4.921,1811.5
4.931,1901.2
4.941,1938.8
4.951,1831.4
4.961,1744
4.971,1584.7
4.981,1400.3
4.991,1183.9
5.001,1009.5
5.011,847.16
5.021,669.78
5.031,470.4
5.041,406.03
5.051,295.65
5.061,184.27
5.071,141.89
5.081,98.518
5.091,74.141
5.101,41.663
5.111,42.02
5.121,35.377
5.131,25.698
5.141,33.97
5.151,51.241
5.161,36.513
5.171,23.784
5.181,48.04
5.191,46.296
5.201,20.553
5.211,33.789
5.221,30.025
5.231,37.261
5.241,52.497
5.251,50.734
5.261,41.97
5.271,47.206
5.281,44.442
5.291,34.678
5.301,32.915
5.311,36.151
5.321,38.387
5.331,61.623
5.341,41.859
5.351,43.095
5.361,48.332
5.371,61.568
5.381,52.804
5.391,58.04
5.401,66.276
5.411,42.513
5.421,62.749
5.431,76.985
5.441,98.221
5.451,33.457
5.461,43.693
5.471,39.93
5.481,57.166
5.491,46.402
5.501,56.638
5.511,46.874
5.521,41.111
5.531,64.347
5.541,53.583
5.551,35.819
5.561,26.055
5.571,26.276
5.581,39.497
5.591,33.719
5.601,43.94
5.611,23.161
5.621,30.362
5.631,21.563
5.641,53.754
5.651,27.945
5.661,24.136
5.671,40.327
5.681,32.518
5.691,31.709
5.701,55.899
5.711,30.09
5.721,41.281
5.731,44.497
5.741,39.714
5.751,52.97
5.761,33.226
5.771,20.482
5.781,35.719
5.791,31.955
5.801,61.191
5.811,40.427
5.821,20.663
5.831,25.894
5.841,35.126
5.851,36.357
5.861,53.588
5.871,49.819
5.881,34.05
5.891,35.281
5.901,27.513
5.911,72.744
5.921,59.975
5.931,52.206
5.941,29.437
5.951,46.668
5.961,40.899
5.971,51.131
5.981,23.362
5.991,53.588
6.001,30.814
6.011,59.04
6.021,59.266
6.031,20.492
6.041,31.698
6.051,46.905
6.061,47.111
6.071,21.317
6.081,53.523
6.091,23.729
6.101,37.935
6.111,32.141
6.121,29.347
6.131,32.553
6.141,33.759
6.151,47.965
6.161,22.171
6.171,41.372
6.181,36.573
6.191,30.774
6.201,26.975
6.211,44.176
6.221,36.377
6.231,25.578
6.241,40.779
6.251,38.98
6.261,51.181
6.271,39.382
6.281,48.583
6.291,58.784
6.301,81.985
6.311,58.186
6.321,100.39
6.331,104.59
6.341,76.789
6.351,107.99
6.361,76.191
6.371,103.39
6.381,145.59
6.391,111.79
6.401,121.06
6.411,97.327
6.421,153.59
6.431,118.86
6.441,79.126
6.451,98.392
6.461,90.658
6.471,76.925
6.481,81.191
6.491,79.457
6.501,61.724
6.511,53.99
6.521,54.256
6.531,26.523
6.541,52.769
6.551,40.015
6.561,41.261
6.571,30.508
6.581,29.754
6.591,41
6.601,19.246
6.611,28.447
6.621,33.648
6.631,42.854
6.641,29.06
6.651,43.266
6.661,19.472
6.671,36.673
6.681,25.874
6.691,27.075
6.701,32.276
6.711,51.477
6.721,36.678
6.731,56.91
6.741,31.141
6.751,32.372
6.761,31.603
6.771,51.834
6.781,50.065
6.791,26.296
6.801,32.528
6.811,48.759
6.821,54.99
6.831,49.221
6.841,32.452
6.851,40.683
6.861,31.915
6.871,11.146
6.881,24.312
6.891,28.477
6.901,52.643
6.911,30.809
6.921,37.975
6.931,32.141
6.941,31.307
6.951,39.472
6.961,37.638
6.971,51.804
6.981,44.97
6.991,37.136
7.001,46.302
7.011,39.467
7.021,52.633
7.031,57.799
7.041,48.965
7.051,58.131
7.061,53.296
7.071,55.462
7.081,78.628
7.091,53.794
7.101,46.96
7.111,54.126
7.121,50.291
7.131,44.457
7.141,25.623
7.151,50.789
7.161,25.955
7.171,38.121
7.181,37.286
7.191,53.452
7.201,33.618
7.211,51.784
7.221,21.95
7.231,28.116
7.241,39.281
7.251,39.447
7.261,40.613
7.271,46.779
7.281,53.945
7.291,64.146
7.301,27.347
7.311,54.548
7.321,37.749
7.331,30.95
7.341,36.151
7.351,26.352
7.361,55.553
7.371,48.754
7.381,30.955
7.391,45.156
7.401,58.357
7.411,31.558
7.421,55.759
7.431,49.96
7.441,34.161
7.451,53.362
7.461,39.563
7.471,36.764
7.481,38.965
7.491,30.166
7.501,31.367
7.511,46.568
7.521,53.774
7.531,34.98
7.541,41.186
7.551,51.417
7.561,30.648
7.571,53.879
7.581,34.111
7.591,26.342
7.601,42.573
7.611,34.804
7.621,53.035
7.631,30.266
7.641,43.497
7.651,38.729
7.661,49.96
7.671,52.191
7.681,30.422
7.691,33.653
7.701,40.884
7.711,22.116
7.721,29.322
7.731,14.528
7.741,29.693
7.751,25.859
7.761,22.025
7.771,32.191
7.781,31.357
7.791,38.523
7.801,33.688
7.811,39.854
7.821,58.02
7.831,36.186
7.841,22.352
7.851,23.518
7.861,31.683
7.871,37.849
7.881,41.015
7.891,43.181
7.901,20.347
7.911,26.513
7.921,53.678
7.931,31.844
7.941,33.01
7.951,32.176
7.961,40.342
7.971,32.508
7.981,37.673
7.991,27.839
8.002,38.005
8.012,40.171
8.022,31.337
8.032,39.508
8.042,33.678
8.052,36.849
8.062,43.02
8.072,47.191
8.082,45.377
8.092,20.563
8.102,46.749
8.112,31.935
8.122,43.121
8.132,27.307
8.142,30.492
8.152,49.678
8.162,44.864
8.172,74.05
8.182,41.236
8.192,40.422
8.202,41.608
8.212,26.794
8.222,43.98
8.232,39.166
8.242,54.352
8.252,57.538
8.262,71.724
8.272,23.94
8.282,41.156
8.292,57.372
8.302,53.588
8.312,31.804
8.322,34.025
8.332,50.246
8.342,49.467
8.352,41.688
8.362,37.91
8.372,39.131
8.382,13.352
8.392,23.508
8.402,41.663
8.412,17.819
8.422,23.975
8.432,27.131
8.442,33.286
8.452,27.442
8.462,26.598
8.472,34.754
8.482,29.91
8.492,30.065
8.502,32.221
8.512,36.377
8.522,31.533
8.532,28.688
8.542,44.844
8.552,44
8.562,41.156
8.572,50.312
8.582,30.467
8.592,52.643
8.602,25.819
8.612,15.995
8.622,30.166
8.632,60.337
8.642,20.508
8.652,23.678
8.662,41.849
8.672,31.02
8.682,17.191
8.692,43.362
8.702,34.533
8.712,11.704
8.722,43.844
8.732,32.985
8.742,46.126
8.752,44.266
8.762,32.407
8.772,46.548
8.782,18.688
8.792,30.829
8.802,26.97
8.812,25.116
8.822,23.261
8.832,28.407
8.842,39.553
8.852,26.698
8.862,25.844
8.872,37.99
8.882,28.136
8.892,28.281
8.902,30.427
8.912,32.573
8.922,26.719
8.932,29.864
8.942,45.01
8.952,31.156
8.962,33.302
8.972,38.447
8.982,44.593
8.992,29.739
9.002,41.884
9.012,16.03
9.022,52.176
9.032,31.322
9.042,52.467
9.052,23.613
9.062,30.759
9.072,21.905
9.082,57.05
9.092,46.196
9.102,37.342
9.112,25.487
9.122,39.643
9.132,25.799
9.142,22.955
9.152,29.111
9.162,30.266
9.172,45.422
9.182,49.578
9.192,27.739
9.202,46.899
9.212,31.06
9.222,50.221
9.232,48.382
9.242,28.543
9.252,24.709
9.262,31.874
9.272,13.04
9.282,24.171
9.292,36.302
9.302,34.432
9.312,32.563
9.322,37.693
9.332,42.824
9.342,37.955
9.352,36.085
9.362,30.216
9.372,32.347
9.382,40.477
9.392,34.608
9.402,38.739
9.412,23.869
9.422,43
9.432,36.131
9.442,32.261
9.452,28.392
9.462,38.523
9.472,28.653
9.482,56.784
9.492,23.915
9.502,15.045
9.512,52.196
9.522,16.347
9.532,10.497
9.542,39.623
9.552,32.749
9.562,11.874
9.572,22
9.582,25.126
9.592,45.251
9.602,17.377
9.612,28.503
9.622,22.628
9.632,30.754
9.642,25.879
9.652,34.005
9.662,30.131
9.672,30.256
9.682,39.382
9.692,21.508
9.702,23.633
9.712,28.759
9.722,34.884
9.732,36.01
9.742,30.136
9.752,42.261
9.762,33.387
9.772,32.513
9.782,21.638
9.792,34.764
9.802,42.889
9.812,45.03
9.822,17.171
9.832,32.312
9.842,29.452
9.852,37.593
9.862,19.734
9.872,24.874
9.882,35.015
9.892,29.156
9.902,19.296
9.912,32.437
9.922,27.578
9.932,18.719
9.942,39.859
9.952,24
9.962,30.141
9.972,20.281
9.982,32.422
9.992,41.563
10.002,23.704
10.012,15.844
10.022,34.98
10.032,18.116
10.042,39.251
10.052,16.387
10.062,13.528
10.072,28.653
10.082,32.779
10.092,24.905
10.102,53.03
10.112,40.156
10.122,26.281
10.132,30.407
10.142,31.533
10.152,26.658
10.162,34.784
10.172,41.91
10.182,42.035
10.192,42.161
10.202,27.286
10.212,37.412
10.222,37.538
10.232,38.663
10.242,47.789
10.252,9.9246
10.262,25.03
10.272,42.136
10.282,18.241
10.292,26.347
10.302,9.4523
10.312,27.553
10.322,37.653
10.332,27.759
10.342,29.864
10.352,27.97
10.362,35.075
10.372,40.181
10.382,25.286
10.392,14.392
10.402,26.497
10.412,25.603
10.422,23.714
10.432,32.824
10.442,26.935
10.452,40.045
10.462,16.156
10.472,22.266
10.482,28.377
10.492,26.487
10.502,16.598
10.512,25.709
10.522,16.819
10.532,21.93
10.542,30.04
10.552,26.191
10.562,30.342
10.572,8.4925
10.582,30.623
10.592,20.754
10.602,26.884
10.612,32.015
10.622,22.146
10.632,17.276
10.642,27.407
10.652,29.538
10.662,32.668
10.672,19.799
10.682,23.93
10.692,31.06
10.702,23.191
10.712,41.322
10.722,19.452
10.732,31.583
10.742,36.714
10.752,29.844
10.762,33.975
10.772,32.106
10.782,39.236
10.792,10.367
10.802,11.492
10.812,22.618
10.822,18.744
10.832,28.869
10.842,18.995
10.852,12.121
10.862,23.246
10.872,34.372
10.882,37.497
10.892,38.623
10.902,25.749
10.912,23.874
10.922,30
10.932,27.126
10.942,17.251
10.952,23.377
10.962,28.503
10.972,42.628
10.982,30.754
10.992,18.879
11.002,33.005
11.012,40.131
11.022,31.256
11.032,27.382
11.042,16.508
11.052,25.633
11.062,32.759
11.072,21.884
11.082,22.01
11.092,31.136
11.102,12.261
11.112,20.377
11.122,38.492
11.132,40.608
11.142,21.724
11.152,36.839
11.162,18.955
11.172,12.07
11.182,36.181
11.192,24.291
11.202,23.402
11.212,39.513
11.222,23.623
11.232,11.734
11.242,20.839
11.252,26.945
11.262,30.05
11.272,26.156
11.282,30.261
11.292,26.367
11.302,21.472
11.312,14.578
11.322,23.683
11.332,25.789
11.342,16.894
11.352,24
11.362,15.106
11.372,24.211
11.382,30.317
11.392,36.422
11.402,26.528
11.412,17.633
11.422,43.739
11.432,20.844
11.442,27.95
11.452,24.055
11.462,26.161
11.472,33.266
11.482,28.372
11.492,9.4774
11.502,25.558
11.512,29.638
11.522,41.719
11.532,29.799
11.542,29.879
11.552,23.96
11.562,22.04
11.572,30.121
11.582,33.201
11.592,34.281
11.602,17.362
11.612,14.442
11.622,40.523
11.632,17.603
11.642,33.683
11.652,23.764
11.662,34.844
11.672,14.925
11.682,23.005
11.692,16.09
11.702,18.176
11.712,29.261
11.722,32.347
11.732,42.432
11.742,42.518
11.752,21.603
11.762,33.688
11.772,26.774
11.782,22.859
11.792,8.9447
11.802,24.015
11.812,30.085
11.822,20.161
11.832,25.236
11.842,26.312
11.852,13.387
11.862,39.462
11.872,26.538
11.882,19.613
11.892,23.688
11.902,14.764
11.912,18.839
11.922,30.935
11.932,11.03
11.942,17.126
11.952,22.221
11.962,20.317
11.972,23.412
11.982,23.508
11.992,18.603
12.002,29.698
12.012,25.794
12.022,25.889
12.032,22.985
12.042,10.08
12.052,32.171
12.062,31.261
12.072,26.352
12.082,26.442
12.092,23.533
12.102,23.623
12.112,29.714
12.122,19.804
12.132,29.894
12.142,21.985
12.152,18.075
12.162,35.166
12.172,24.256
12.182,21.347
12.192,17.437
12.202,23.528
12.212,21.618
12.222,25.709
12.232,9.799
12.242,26.879
12.252,20.96
12.262,26.04
12.272,19.121
12.282,20.201
12.292,15.281
12.302,21.362
12.312,9.4422
12.322,23.518
12.332,21.593
12.342,21.668
12.352,21.744
12.362,21.819
12.372,34.894
12.382,17.97
12.392,11.045
12.402,9.1206
12.412,25.191
12.422,21.261
12.432,17.332
12.442,17.402
12.452,26.472
12.462,24.543
12.472,29.613
12.482,23.683
12.492,28.754
12.502,31.824
12.512,22.899
12.522,17.975
12.532,2.0503
12.542,24.085
12.552,21.121
12.562,19.156
12.572,26.191
12.582,11.226
12.592,24.261
12.602,24.296
12.612,34.332
12.622,13.367
12.632,16.407
12.642,14.447
12.652,11.487
12.662,7.5276
12.672,31.568
12.682,18.608
12.692,18.648
12.702,19.698
12.712,30.749
12.722,27.799
12.732,20.849
12.742,16.899
12.752,14.95
12.762,20
12.772,16.05
12.782,19.101
12.792,14.151
12.802,23.201
12.812,19.251
12.822,17.302
12.832,32.352
12.842,13.402
12.852,18.452
12.862,31.503
12.872,17.553
12.882,37.603
12.892,16.653
12.902,17.704
12.912,6.7538
12.922,19.804
12.932,23.854
12.942,12.905
12.952,22.955
12.962,21.01
12.972,12.065
12.982,21.121
12.992,18.176
13.002,18.231
13.012,18.286
13.022,18.342
13.032,20.397
13.042,10.452
13.052,18.508
13.062,23.563
13.072,9.6181
13.082,17.673
13.092,22.729
13.102,17.784
13.112,15.839
13.122,16.894
13.132,24.95
13.142,13.005
13.152,18.06
13.162,6.1156
13.172,5.1709
13.182,26.226
13.192,22.281
13.202,22.337
13.212,18.392
13.222,22.447
13.232,9.5025
13.242,10.558
13.252,18.613
13.262,18.668
13.272,30.724
13.282,25.779
13.292,22.834
13.302,11.889
13.312,20.945
13.322,20.025
13.332,20.106
13.342,17.186
13.352,20.266
13.362,20.347
13.372,10.427
13.382,16.508
13.392,15.588
13.402,13.668
13.412,29.749
13.422,10.829
13.432,24.91
13.442,8.9899
13.452,11.07
13.462,19.151
13.472,14.231
13.482,17.312
13.492,12.392
13.502,16.472
13.512,16.553
13.522,7.6332
13.532,12.714
13.542,9.794
13.552,19.874
13.562,16.955
13.572,22.035
13.582,11.116
13.592,16.196
13.602,14.276
13.612,15.357
13.622,12.437
13.632,17.518
13.642,25.598
13.652,13.678
13.662,25.759
13.672,7.8392
13.682,17.915
13.692,17.99
13.702,18.065
13.712,13.141
13.722,28.216
13.732,18.291
13.742,14.367
13.752,14.442
13.762,14.518
13.772,11.593
13.782,18.668
13.792,19.744
13.802,7.8191
13.812,18.889
13.822,22.96
13.832,22.03
13.842,17.101
13.852,11.171
13.862,13.241
13.872,20.312
13.882,15.382
13.892,24.452
13.902,4.5226
13.912,22.573
13.922,15.623
13.932,12.673
13.942,15.724
13.952,16.774
13.962,6.8241
13.972,16.874
13.982,14.925
13.992,18.975
14.002,13.025
14.012,16.075
14.022,7.1256
14.032,12.176
14.042,12.226
14.052,15.276
14.062,14.327
14.072,16.377
14.082,16.427
14.092,10.477
14.102,12.528
14.112,17.578
14.122,11.628
14.132,10.678
14.142,6.7286
14.152,16.779
14.162,16.829
14.172,22.879
14.182,13.93
14.192,12.98
14.202,7.0302
14.212,12.08
14.222,18.131
14.232,12.181
14.242,17.231
14.252,23.281
14.262,10.332
14.272,10.382
14.282,12.432
14.292,17.482
14.302,17.533
14.312,24.583
14.322,7.6332
14.332,15.683
14.342,26.734
14.352,16.784
14.362,14.834
14.372,19.884
14.382,18.935
14.392,13.985
14.402,18.035
14.412,8.0854
14.422,12.136
14.432,13.186
14.442,11.236
14.452,17.286
14.462,8.3367
14.472,14.387
14.482,19.437
14.492,6.4874
14.502,16.533
14.512,10.578
14.522,8.6231
14.532,15.668
14.542,6.7136
14.552,16.759
14.562,6.804
14.572,18.849
14.582,10.894
14.592,7.9548
14.602,19.015
14.612,6.0754
14.622,10.131
14.632,11.186
14.642,24.241
14.652,21.296
14.662,18.352
14.672,16.407
14.682,4.4623
14.692,9.5075
14.702,13.553
14.712,15.598
14.722,9.6432
14.732,14.688
14.742,7.7337
14.752,15.779
14.762,16.824
14.772,10.869
14.782,5.9146
14.792,16.96
14.802,17.005
14.812,11.05
14.822,23.095
14.832,6.1407
14.842,11.186
14.852,18.231
14.862,14.276
14.872,21.322
14.882,21.367
14.892,17.412
14.902,7.4573
14.912,15.503
14.922,13.548
14.932,25.593
14.942,4.6382
14.952,12.678
14.962,10.719
14.972,15.759
14.982,10.799
14.992,15.839
15.002,13.879
15.012,23.92
15.022,20.96
15.032,7
15.042,9.0402
15.052,11.08
15.062,14.121
15.072,9.1608
15.082,19.201
15.092,16.241
15.102,14.281
15.112,16.322
15.122,8.3618
15.132,8.402
15.142,13.442
15.152,13.482
15.162,5.5226
15.172,24.563
15.182,14.603
15.192,9.6432
15.202,9.6834
15.212,8.7236
15.222,11.764
15.232,17.804
15.242,14.844
15.252,15.884
15.262,13.925
15.272,11.965
15.282,14.005
15.292,11.045
15.302,1.0854
15.312,9.1005
15.322,19.116
15.332,13.131
15.342,13.146
15.352,7.1608
15.362,8.1759
15.372,7.206
15.382,12.236
15.392,5.2663
15.402,17.296
15.412,9.3266
15.422,11.357
15.432,7.3869
15.442,13.417
15.452,13.447
15.462,10.477
15.472,7.5075
15.482,10.538
15.492,10.568
15.502,9.598
15.512,13.628
15.522,1.6583
15.532,12.688
15.542,16.719
15.552,8.7487
15.562,10.779
15.572,15.809
15.582,17.839
15.592,13.869
15.602,26.899
15.612,13.93
15.622,12.96
15.632,10.99
15.642,11.02
15.652,13.05
15.662,10.08
15.672,6.1106
15.682,4.1407
15.692,11.171
15.702,18.201
15.712,14.231
15.722,7.2613
15.732,5.2915
15.742,6.3216
15.752,13.352
15.762,13.382
15.772,11.412
15.782,14.442
15.792,9.4724
15.802,16.503
15.812,12.533
15.822,12.568
15.832,5.603
15.842,8.6382
15.852,12.673
15.862,8.7085
15.872,6.7437
15.882,5.7789
15.892,20.814
15.902,8.8492
15.912,11.884
15.922,7.9196
15.932,16.955
15.942,15.99
15.952,8.0251
15.962,11.06
15.972,13.095
15.982,9.1307
15.992,11.166
16.002,12.201
16.012,18.236
16.022,14.271
16.032,9.3065
16.042,4.3417
16.052,10.377
16.062,9.4121
16.072,6.4472
16.082,6.4824
16.092,4.5176
16.102,17.553
16.112,11.588
16.122,10.623
16.132,12.658
16.142,8.6935
16.152,10.729
16.162,11.764
16.172,14.799
16.182,15.834
16.192,6.8693
16.202,7.9045
16.212,6.9397
16.222,13.975
16.232,16.01
16.242,19.045
16.252,9.0804
16.262,5.1156
16.272,8.1508
16.282,4.1859
16.292,15.221
16.302,9.2563
16.312,12.291
16.322,6.3266
16.332,8.3618
16.342,9.397
16.352,10.432
16.362,10.467
16.372,13.503
16.382,9.5377
16.392,17.573
16.402,8.608
16.412,11.643
16.422,9.6784
16.432,7.7136
16.442,6.7487
16.452,12.784
16.462,10.819
16.472,11.854
16.482,7.8894
16.492,8.9246
16.502,10.96
16.512,6.995
16.522,10.03
16.532,8.0653
16.542,5.1005
16.552,13.136
16.562,6.1709
16.572,2.206
16.582,16.226
16.592,7.2462
16.602,9.2663
16.612,5.2864
16.622,8.3065
16.632,13.327
16.642,12.347
16.652,9.3668
16.662,7.3869
16.672,11.407
16.682,14.427
16.692,4.4472
16.702,8.4673
16.712,8.4874
16.722,7.5075
16.732,4.5276
16.742,2.5477
16.752,6.5678
16.762,3.5879
16.772,8.608
16.782,7.6281
16.792,14.648
16.802,14.668
16.812,6.6884
16.822,5.7085
16.832,4.7286
16.842,13.749
16.852,4.7688
16.862,8.7889
16.872,12.809
16.882,8.8342
16.892,2.8593
16.902,8.8844
16.912,6.9095
16.922,6.9347
16.932,13.96
16.942,7.9849
16.952,11.01
16.962,4.0352
16.972,9.0603
16.982,14.085
16.992,8.1106
17.002,3.1357
17.012,10.161
17.022,8.1859
17.032,5.2111
17.042,12.236
17.052,7.2613
17.062,17.286
17.072,15.312
17.082,8.3367
17.092,15.362
17.102,6.3869
17.112,8.4121
17.122,8.4372
17.132,5.4623
17.142,7.4874
17.152,3.5126
17.162,5.5377
17.172,8.5628
17.182,3.5879
17.192,3.6131
17.202,9.6382
17.212,10.663
17.222,9.6884
17.232,8.7136
17.242,7.7387
17.252,6.7638
17.262,8.7889
17.272,3.8141
17.282,7.8392
17.292,7.8643
17.302,10.889
17.312,6.9146
17.322,4.9397
17.332,3.9648
17.342,9.9899
17.352,1.0151
17.362,12.025
17.372,6.0402
17.382,7.0553
17.392,6.0704
17.402,7.0854
17.412,8.1005
17.422,4.1156
17.432,8.1307
17.442,5.1457
17.452,8.1608
17.462,8.1759
17.472,12.196
17.482,10.216
17.492,10.236
17.502,4.2563
17.512,5.2764
17.522,11.296
17.532,1.3166
17.542,10.337
17.552,2.3568
17.562,7.3769
17.572,5.397
17.582,11.417
17.592,6.4372
17.602,8.4573
17.612,10.477
17.622,10.497
17.632,6.5176
17.642,5.5377
17.652,3.5578
17.662,7.5779
17.672,2.598
17.682,6.6181
17.692,9.6382
17.702,7.6583
17.712,8.6784
17.722,3.6985
17.732,7.7186
17.742,3.7387
17.752,8.7588
17.762,10.779
17.772,6.799
17.782,10.819
17.792,9.8392
17.802,0.8593
17.812,1.8744
17.822,5.8894
17.832,12.905
17.842,12.92
17.852,5.9347
17.862,0.94975
17.872,5.9648
17.882,6.9799
17.892,6.995
17.902,11.01
17.912,6.0251
17.922,8.0402
17.932,12.055
17.942,16.07
17.952,6.0854
17.962,8.1005
17.972,3.1156
17.982,9.1307
17.992,5.1457
18.003,8.1608
18.013,8.1759
18.023,8.191
18.033,3.206
18.043,6.2211
18.053,5.2362
18.063,7.2513
18.073,8.2663
18.083,8.2814
18.093,7.2965
18.103,8.3116
18.113,10.327
18.123,3.3417
18.133,12.357
18.143,8.3719
18.153,9.3869
18.163,12.402
18.173,13.417
18.183,1.4322
18.193,12.447
18.203,10.462
18.213,5.4774
18.223,10.492
18.233,2.5075
18.243,6.5226
18.253,9.5377
18.263,3.5528
18.273,8.5678
18.283,3.5829
18.293,10.598
18.303,7.6131
18.313,4.6281
18.323,7.6432
18.333,7.6583
18.343,8.6734
18.353,3.6884
18.363,5.7035
18.373,9.7186
18.383,4.7337
18.393,8.7487
18.403,3.7638
18.413,5.7789
18.423,13.794
18.433,6.809
18.443,12.824
18.453,9.8392
18.463,7.8543
18.473,4.8693
18.483,4.8844
18.493,5.8995
18.503,1.9146
18.513,6.9296
18.523,7.9447
18.533,4.9598
18.543,5.9749
18.553,5.9899
18.563,8.005
18.573,7.0201
18.583,8.0352
18.593,4.0503
18.603,9.0653
18.613,6.0804
18.623,2.0955
18.633,9.1106
18.643,9.1256
18.653,4.1407
18.663,9.1558
18.673,8.1709
18.683,3.1859
18.693,12.201
18.703,7.2161
18.713,5.2312
18.723,9.2462
18.733,10.261
18.743,4.2764
18.753,6.2915
18.763,4.3065
18.773,8.3216
18.783,6.3367
18.793,3.3518
18.803,8.3668
18.813,5.3819
18.823,4.397
18.833,5.4121
18.843,2.4271
18.853,5.4422
18.863,1.4573
18.873,5.4673
18.883,7.4774
18.893,3.4874
18.903,3.4975
18.913,11.508
18.923,4.5176
18.933,1.5276
18.943,5.5377
18.953,8.5477
18.963,5.5578
18.973,6.5678
18.983,5.5779
18.993,10.588
19.003,6.598
19.013,7.6061
19.023,5.6142
19.033,6.6224
19.043,5.6308
19.053,4.6392
19.063,6.6477
19.073,2.6563
19.083,1.6649
19.093,2.6737
19.103,3.6825
19.113,5.6915
19.123,4.7005
19.133,8.7097
19.143,4.7189
19.153,4.7283
19.163,4.7377
19.173,7.7473
19.183,4.7569
19.193,3.7667
19.203,4.7765
19.213,3.7865
19.223,4.7966
19.233,9.8068
19.243,3.8171
19.253,3.8276
19.263,6.8382
19.273,1.8488
19.283,5.8596
19.293,6.8706
19.303,9.8817
19.313,10.893
19.323,2.9042
19.333,5.9157
19.343,2.9273
19.353,0.93902
19.363,2.9448
19.373,1.9506
19.383,8.9565
19.393,6.9625
19.403,4.9686
19.413,7.9747
19.423,1.9809
19.433,4.9872
19.443,7.9935
19.453,0
19.463,4
19.473,3
19.483,6
19.493,4
19.503,4
19.513,4
19.523,3
19.533,6
19.543,5
19.553,4
19.563,4
19.573,3
19.583,2
19.593,3
19.603,5
19.613,2
19.623,7
19.633,2
19.643,5
19.653,8
19.663,4
19.673,6
19.683,5
19.693,6
19.703,6
19.713,11
19.723,4
19.733,0
19.743,4
19.753,6
19.763,7
19.773,4
19.783,4
19.793,5
19.803,5
19.813,3
19.823,4
19.833,9
19.843,5
19.853,5
19.863,2
19.873,2
19.883,3
19.893,3
19.903,8
19.913,2
19.923,3
19.933,2
19.943,3
19.953,7
19.963,8
19.973,6
19.983,2
19.993,8
20.003,2
